0 1
2 2
3 3
4 4
5 5
6 6
7 7
23 8
25 9
29 10
31 11
33 12
35 13
38 14
41 15
42 16
44 17
45 18
48 19
49 20
50 21
53 22
59 23
61 24
64 25
65 26
67 27
71 28
81 29
85 30
88 31
93 32
95 33
104 34
112 35
113 36
116 37
117 38
120 39
126 40
127 41
129 42
130 43
134 44
137 45
138 46
140 47
143 48
144 49
146 50
150 51
153 52
154 53
157 54
161 55
167 56
172 57
173 58
174 59
175 60
176 61
177 62
178 63
181 64
182 65
185 66
189 67
190 68
191 69
193 70
195 71
196 72
198 73
199 74
201 75
203 76
209 77
214 78
217 79
219 80
220 81
223 82
225 83
227 84
228 85
232 86
234 87
239 88
241 89
243 90
245 91
247 92
249 93
254 94
259 95
264 96
266 97
269 98
270 99
272 100
273 101
275 102
276 103
277 104
278 105
279 106
282 107
283 108
284 109
286 110
287 111
289 112
290 113
293 114
294 115
295 116
297 117
300 118
303 119
304 120
307 121
308 122
309 123
311 124
313 125
314 126
315 127
316 128
317 129
318 130
320 131
323 132
324 133
326 134
327 135
328 136
331 137
335 138
337 139
338 140
339 141
341 142
343 143
344 144
345 145
346 146
347 147
348 148
349 149
350 150
351 151
352 152
353 153
354 154
356 155
359 156
360 157
362 158
365 159
367 160
368 161
371 162
372 163
373 164
375 165
377 166
381 167
382 168
384 169
385 170
386 171
387 172
395 173
396 174
398 175
399 176
400 177
406 178
407 179
408 180
412 181
413 182
414 183
419 184
420 185
421 186
423 187
425 188
426 189
428 190
430 191
431 192
433 193
434 194
435 195
436 196
437 197
440 198
441 199
442 200
443 201
444 202
446 203
447 204
449 205
453 206
454 207
455 208
456 209
458 210
460 211
464 212
468 213
469 214
471 215
472 216
473 217
474 218
475 219
478 220
481 221
484 222
488 223
492 224
493 225
495 226
497 227
498 228
499 229
502 230
503 231
506 232
507 233
509 234
510 235
511 236
515 237
516 238
518 239
519 240
520 241
521 242
523 243
524 244
525 245
530 246
533 247
542 248
545 249
546 250
548 251
551 252
552 253
559 254
562 255
564 256
566 257
568 258
569 259
570 260
572 261
573 262
575 263
577 264
578 265
581 266
587 267
588 268
589 269
592 270
594 271
597 272
598 273
601 274
602 275
603 276
606 277
607 278
608 279
612 280
613 281
615 282
617 283
618 284
619 285
623 286
626 287
628 288
629 289
630 290
632 291
635 292
639 293
642 294
644 295
645 296
648 297
653 298
654 299
657 300
658 301
659 302
663 303
664 304
665 305
666 306
669 307
672 308
673 309
674 310
675 311
676 312
677 313
679 314
681 315
682 316
683 317
684 318
687 319
688 320
689 321
690 322
691 323
695 324
699 325
701 326
702 327
705 328
707 329
709 330
711 331
712 332
713 333
714 334
715 335
717 336
719 337
722 338
723 339
724 340
733 341
735 342
737 343
738 344
739 345
740 346
742 347
746 348
749 349
750 350
751 351
752 352
753 353
754 354
756 355
758 356
761 357
763 358
764 359
767 360
768 361
770 362
771 363
773 364
775 365
777 366
778 367
779 368
780 369
784 370
785 371
787 372
788 373
789 374
790 375
791 376
792 377
794 378
797 379
799 380
802 381
803 382
804 383
805 384
808 385
809 386
810 387
816 388
820 389
824 390
826 391
829 392
830 393
832 394
833 395
835 396
836 397
838 398
839 399
840 400
841 401
842 402
843 403
847 404
849 405
852 406
855 407
856 408
857 409
860 410
861 411
863 412
866 413
867 414
870 415
873 416
874 417
875 418
878 419
880 420
881 421
882 422
884 423
885 424
887 425
888 426
889 427
891 428
892 429
894 430
896 431
898 432
899 433
901 434
902 435
907 436
911 437
915 438
918 439
921 440
923 441
925 442
926 443
931 444
933 445
934 446
935 447
937 448
941 449
942 450
945 451
946 452
947 453
948 454
949 455
950 456
951 457
953 458
954 459
960 460
961 461
963 462
964 463
965 464
966 465
967 466
971 467
972 468
973 469
974 470
975 471
977 472
978 473
979 474
980 475
982 476
988 477
992 478
993 479
995 480
998 481
999 482
1000 483
1001 484
1004 485
1006 486
1007 487
1008 488
1015 489
1016 490
1022 491
1026 492
1027 493
1028 494
1029 495
1031 496
1032 497
1035 498
1037 499
1040 500
1041 501
1042 502
1043 503
1045 504
1046 505
1048 506
1051 507
1055 508
1056 509
1058 510
1059 511
1063 512
1064 513
1065 514
1067 515
1068 516
1069 517
1070 518
1071 519
1073 520
1076 521
1077 522
1079 523
1083 524
1084 525
1085 526
1088 527
1089 528
1092 529
1096 530
1098 531
1099 532
1100 533
1101 534
1102 535
1104 536
1106 537
1107 538
1109 539
1111 540
1112 541
1114 542
1115 543
1116 544
1117 545
1118 546
1119 547
1120 548
1122 549
1123 550
1126 551
1127 552
1128 553
1129 554
1130 555
1131 556
1132 557
1133 558
1134 559
1135 560
1136 561
1137 562
1138 563
1140 564
1141 565
1142 566
1145 567
1147 568
1148 569
1149 570
1152 571
1153 572
1154 573
1158 574
1163 575
1168 576
1169 577
1171 578
1172 579
1178 580
1180 581
1182 582
1184 583
1185 584
1186 585
1187 586
1188 587
1189 588
1190 589
1191 590
1192 591
1193 592
1195 593
1196 594
1198 595
1199 596
1201 597
1207 598
1208 599
1209 600
1211 601
1213 602
1216 603
1218 604
1221 605
1224 606
1225 607
1226 608
1228 609
1229 610
1231 611
1232 612
1233 613
1234 614
1235 615
1241 616
1245 617
1246 618
1249 619
1250 620
1251 621
1252 622
1255 623
1256 624
1259 625
1260 626
1263 627
1264 628
1268 629
1269 630
1270 631
1271 632
1272 633
1274 634
1277 635
1278 636
1279 637
1281 638
1285 639
1286 640
1287 641
1289 642
1294 643
1295 644
1296 645
1297 646
1301 647
1302 648
1304 649
1305 650
1306 651
1307 652
1308 653
1311 654
1312 655
1314 656
1315 657
1316 658
1317 659
1318 660
1319 661
1321 662
1327 663
1329 664
1331 665
1332 666
1334 667
1335 668
1336 669
1337 670
1339 671
1340 672
1341 673
1342 674
1343 675
1344 676
1345 677
1346 678
1347 679
1349 680
1351 681
1352 682
1353 683
1355 684
1357 685
1358 686
1361 687
1362 688
1363 689
1364 690
1365 691
1366 692
1367 693
1368 694
1369 695
1370 696
1371 697
1373 698
1376 699
1377 700
1379 701
1380 702
1382 703
1385 704
1386 705
1387 706
1389 707
1390 708
1391 709
1392 710
1393 711
1395 712
1396 713
1398 714
1400 715
1401 716
1402 717
1409 718
1410 719
1411 720
1413 721
1414 722
1418 723
1419 724
1422 725
1423 726
1427 727
1428 728
1429 729
1433 730
1434 731
1437 732
1440 733
1442 734
1443 735
1444 736
1447 737
1449 738
1450 739
1451 740
1452 741
1454 742
1455 743
1457 744
1459 745
1460 746
1461 747
1465 748
1466 749
1468 750
1469 751
1471 752
1472 753
1474 754
1476 755
1478 756
1479 757
1485 758
1487 759
1488 760
1490 761
1491 762
1493 763
1494 764
1497 765
1498 766
1502 767
1503 768
1505 769
1506 770
1507 771
1508 772
1509 773
1510 774
1511 775
1512 776
1513 777
1514 778
1515 779
1517 780
1518 781
1520 782
1521 783
1522 784
1525 785
1526 786
1529 787
1530 788
1533 789
1534 790
1535 791
1537 792
1538 793
1540 794
1542 795
1543 796
1544 797
1546 798
1551 799
1553 800
1555 801
1557 802
1563 803
1565 804
1567 805
1568 806
1570 807
1573 808
1575 809
1579 810
1580 811
1581 812
1582 813
1583 814
1585 815
1586 816
1587 817
1588 818
1589 819
1590 820
1592 821
1596 822
1597 823
1598 824
1599 825
1603 826
1605 827
1606 828
1609 829
1610 830
1614 831
1615 832
1617 833
1618 834
1620 835
1622 836
1623 837
1628 838
1634 839
1635 840
1637 841
1638 842
1639 843
1641 844
1643 845
1647 846
1649 847
1655 848
1656 849
1659 850
1661 851
1664 852
1666 853
1667 854
1669 855
1671 856
1672 857
1676 858
1680 859
1683 860
1688 861
1689 862
1690 863
1692 864
1696 865
1697 866
1699 867
1701 868
1709 869
1710 870
1713 871
1714 872
1719 873
1720 874
1722 875
1724 876
1728 877
1731 878
1732 879
1741 880
1742 881
1744 882
1745 883
1746 884
1748 885
1753 886
1755 887
1756 888
1758 889
1760 890
1761 891
1762 892
1765 893
1767 894
1769 895
1770 896
1772 897
1774 898
1778 899
1780 900
1784 901
1785 902
1786 903
1788 904
1789 905
1791 906
1792 907
1794 908
1797 909
1802 910
1804 911
1805 912
1806 913
1808 914
1809 915
1810 916
1813 917
1814 918
1815 919
1816 920
1819 921
1823 922
1824 923
1825 924
1827 925
1830 926
1831 927
1832 928
1834 929
1838 930
1843 931
1845 932
1849 933
1857 934
1860 935
1861 936
1864 937
1867 938
1868 939
1871 940
1875 941
1877 942
1882 943
1886 944
1890 945
1892 946
1897 947
1898 948
1899 949
1902 950
1903 951
1905 952
1907 953
1908 954
1911 955
1913 956
1921 957
1923 958
1927 959
1931 960
1937 961
1938 962
1939 963
1941 964
1943 965
1946 966
1947 967
1948 968
1949 969
1951 970
1955 971
1958 972
1962 973
1969 974
1971 975
1972 976
1974 977
1976 978
1978 979
1981 980
1982 981
1984 982
1986 983
1987 984
1988 985
1990 986
1995 987
1997 988
1998 989
2002 990
2015 991
2016 992
2019 993
2022 994
2024 995
2026 996
2031 997
2033 998
2036 999
2037 1000
2039 1001
2040 1002
2044 1003
2045 1004
2047 1005
2050 1006
2051 1007
2052 1008
2053 1009
2055 1010
2067 1011
2068 1012
2072 1013
2076 1014
2080 1015
2081 1016
2085 1017
2086 1018
2092 1019
2099 1020
2100 1021
2103 1022
2105 1023
2106 1024
2108 1025
2110 1026
2111 1027
2115 1028
2119 1029
2120 1030
2123 1031
2128 1032
2136 1033
2139 1034
2140 1035
2142 1036
2143 1037
2149 1038
2158 1039
2159 1040
2160 1041
2163 1042
2164 1043
2165 1044
2174 1045
2181 1046
2186 1047
2187 1048
2189 1049
2193 1050
2194 1051
2196 1052
2197 1053
2198 1054
2201 1055
2202 1056
2204 1057
2206 1058
2208 1059
2221 1060
2223 1061
2226 1062
2227 1063
2229 1064
2230 1065
2233 1066
2236 1067
2237 1068
2238 1069
2243 1070
2245 1071
2246 1072
2250 1073
2257 1074
2260 1075
2261 1076
2268 1077
2269 1078
2281 1079
2288 1080
2289 1081
2290 1082
2292 1083
2294 1084
2295 1085
2296 1086
2298 1087
2302 1088
2306 1089
2308 1090
2309 1091
2313 1092
2315 1093
2317 1094
2325 1095
2332 1096
2342 1097
2343 1098
2347 1099
2349 1100
2350 1101
2353 1102
2362 1103
2364 1104
2369 1105
2373 1106
2374 1107
2375 1108
2379 1109
2380 1110
2382 1111
2383 1112
2385 1113
2386 1114
2391 1115
2392 1116
2395 1117
2398 1118
2402 1119
2406 1120
2408 1121
2410 1122
2411 1123
2413 1124
2420 1125
2423 1126
2426 1127
2432 1128
2435 1129
2437 1130
2439 1131
2441 1132
2442 1133
2443 1134
2446 1135
2449 1136
2453 1137
2460 1138
2465 1139
2469 1140
2470 1141
2474 1142
2475 1143
2478 1144
2480 1145
2481 1146
2488 1147
2489 1148
2490 1149
2491 1150
2493 1151
2494 1152
2495 1153
2496 1154
2503 1155
2506 1156
2508 1157
2509 1158
2513 1159
2516 1160
2518 1161
2520 1162
2523 1163
2525 1164
2527 1165
2529 1166
2531 1167
2535 1168
2536 1169
2537 1170
2539 1171
2543 1172
2544 1173
2546 1174
2547 1175
2548 1176
2553 1177
2555 1178
2565 1179
2567 1180
2574 1181
2577 1182
2580 1183
2582 1184
2583 1185
2585 1186
2587 1187
2590 1188
2591 1189
2593 1190
2595 1191
2604 1192
2608 1193
2610 1194
2612 1195
2613 1196
2614 1197
2615 1198
2622 1199
2625 1200
2627 1201
2630 1202
2634 1203
2635 1204
2636 1205
2640 1206
2643 1207
2645 1208
2648 1209
2650 1210
2651 1211
2655 1212
2660 1213
2661 1214
2663 1215
2666 1216
2670 1217
2671 1218
2674 1219
2677 1220
2679 1221
2684 1222
2688 1223
2690 1224
2691 1225
2692 1226
2693 1227
2698 1228
2699 1229
2704 1230
2706 1231
2709 1232
2711 1233
2714 1234
2727 1235
2730 1236
2737 1237
2745 1238
2748 1239
2751 1240
2752 1241
2753 1242
2756 1243
2758 1244
2759 1245
2762 1246
2763 1247
2764 1248
2765 1249
2766 1250
2770 1251
2774 1252
2778 1253
2779 1254
2780 1255
2781 1256
2783 1257
2785 1258
2787 1259
2789 1260
2790 1261
2792 1262
2798 1263
2808 1264
2809 1265
2812 1266
2813 1267
2814 1268
2817 1269
2820 1270
2824 1271
2825 1272
2826 1273
2827 1274
2828 1275
2833 1276
2834 1277
2835 1278
2839 1279
2840 1280
2844 1281
2848 1282
2851 1283
2852 1284
2854 1285
2860 1286
2861 1287
2862 1288
2863 1289
2864 1290
2865 1291
2870 1292
2871 1293
2872 1294
2874 1295
2875 1296
2879 1297
2882 1298
2889 1299
2896 1300
2903 1301
2908 1302
2909 1303
2911 1304
2912 1305
2916 1306
2918 1307
2920 1308
2924 1309
2925 1310
2930 1311
2936 1312
2940 1313
2941 1314
2942 1315
2947 1316
2955 1317
2957 1318
2969 1319
2971 1320
2977 1321
2978 1322
2980 1323
2981 1324
2987 1325
2990 1326
2996 1327
2998 1328
3006 1329
3010 1330
3012 1331
3017 1332
3023 1333
3027 1334
3038 1335
3043 1336
3047 1337
3048 1338
3049 1339
3056 1340
3062 1341
3064 1342
3065 1343
3073 1344
3076 1345
3078 1346
3087 1347
3094 1348
3095 1349
3096 1350
3103 1351
3106 1352
3113 1353
3126 1354
3131 1355
3132 1356
3133 1357
3135 1358
3137 1359
3138 1360
3139 1361
3150 1362
3152 1363
3155 1364
3165 1365
3167 1366
3168 1367
3170 1368
3178 1369
3194 1370
3199 1371
3201 1372
3214 1373
3222 1374
3223 1375
3228 1376
3235 1377
3236 1378
3239 1379
3240 1380
3246 1381
3248 1382
3249 1383
3252 1384
3260 1385
3266 1386
3273 1387
3274 1388
3290 1389
3291 1390
3292 1391
3299 1392
3301 1393
3316 1394
3323 1395
3325 1396
3336 1397
3346 1398
3348 1399
3349 1400
3363 1401
3368 1402
3380 1403
3382 1404
3394 1405
3402 1406
3403 1407
3407 1408
3409 1409
3414 1410
3416 1411
3418 1412
3423 1413
3424 1414
3427 1415
3429 1416
3431 1417
3438 1418
3439 1419
3443 1420
3444 1421
3450 1422
3456 1423
3459 1424
3470 1425
3471 1426
3473 1427
3476 1428
3480 1429
3482 1430
3501 1431
3502 1432
3505 1433
3506 1434
3508 1435
3511 1436
3515 1437
3522 1438
3532 1439
3536 1440
3537 1441
3538 1442
3544 1443
3549 1444
3552 1445
3559 1446
3563 1447
3564 1448
3567 1449
3582 1450
3583 1451
3584 1452
3595 1453
3597 1454
3599 1455
3613 1456
3615 1457
3617 1458
3627 1459
3632 1460
3633 1461
3634 1462
3637 1463
3640 1464
3642 1465
3644 1466
3649 1467
3662 1468
3663 1469
3666 1470
3677 1471
3678 1472
3691 1473
3692 1474
3698 1475
3701 1476
3706 1477
3708 1478
3720 1479
3724 1480
3730 1481
3741 1482
3748 1483
3749 1484
3750 1485
3751 1486
3753 1487
3757 1488
3759 1489
3761 1490
3768 1491
3769 1492
3777 1493
3780 1494
3786 1495
3790 1496
3801 1497
3803 1498
3804 1499
3806 1500
3807 1501
3810 1502
3813 1503
3814 1504
3816 1505
3818 1506
3820 1507
3827 1508
3828 1509
3830 1510
3831 1511
3832 1512
3833 1513
3834 1514
3836 1515
3838 1516
3841 1517
3843 1518
3846 1519
3849 1520
3851 1521
3853 1522
3865 1523
3869 1524
3870 1525
3872 1526
3876 1527
3880 1528
3882 1529
3889 1530
3891 1531
3899 1532
3900 1533
3904 1534
3907 1535
3908 1536
3909 1537
3910 1538
3911 1539
3912 1540
3914 1541
3915 1542
3916 1543
3917 1544
3919 1545
3924 1546
3925 1547
3929 1548
3931 1549
3932 1550
3936 1551
3937 1552
3938 1553
3948 1554
3950 1555
3953 1556
3955 1557
3956 1558
3957 1559
3960 1560
3962 1561
3963 1562
3965 1563
3966 1564
3967 1565
3969 1566
3974 1567
3976 1568
3986 1569
3989 1570
3993 1571
3995 1572
3996 1573
3997 1574
3999 1575
4002 1576
4007 1577
4012 1578
4015 1579
4018 1580
4019 1581
4035 1582
4037 1583
4041 1584
4044 1585
4045 1586
4047 1587
4049 1588
4050 1589
4063 1590
4064 1591
4071 1592
4078 1593
4085 1594
4088 1595
4089 1596
4092 1597
4095 1598
4096 1599
4098 1600
4103 1601
4111 1602
4118 1603
4120 1604
4123 1605
4127 1606
4129 1607
4132 1608
4136 1609
4141 1610
4146 1611
4147 1612
4148 1613
4150 1614
4153 1615
4169 1616
4171 1617
4186 1618
4190 1619
4192 1620
4194 1621
4196 1622
4200 1623
4251 1624
4252 1625
4262 1626
4271 1627
4273 1628
4293 1629
4303 1630
4304 1631
4313 1632
4314 1633
4316 1634
4317 1635
4319 1636
4320 1637
4326 1638
4328 1639
4330 1640
4379 1641
4407 1642
4414 1643
4483 1644
4628 1645
4729 1646
4730 1647
4819 1648
4821 1649
4861 1650
4878 1651
4887 1652
4894 1653
4932 1654
4948 1655
4949 1656
4965 1657
4982 1658
4992 1659
4994 1660
5036 1661
5049 1662
5054 1663
5065 1664
5074 1665
5081 1666
5088 1667
5089 1668
5104 1669
5124 1670
5139 1671
5150 1672
5152 1673
5161 1674
5166 1675
5178 1676
5182 1677
5186 1678
5214 1679
5239 1680
5240 1681
5247 1682
5251 1683
5253 1684
5254 1685
5270 1686
5283 1687
5284 1688
5288 1689
5289 1690
5291 1691
5297 1692
5310 1693
5311 1694
5323 1695
5324 1696
5326 1697
5329 1698
5334 1699
5338 1700
5344 1701
5345 1702
5351 1703
5353 1704
5358 1705
5360 1706
5361 1707
5362 1708
5364 1709
5371 1710
5372 1711
5381 1712
5384 1713
5385 1714
5392 1715
5400 1716
5401 1717
5404 1718
5416 1719
5419 1720
5422 1721
5426 1722
5428 1723
5433 1724
5448 1725
5467 1726
5468 1727
5478 1728
5479 1729
5480 1730
5482 1731
5483 1732
5484 1733
5486 1734
5507 1735
5512 1736
5522 1737
5523 1738
5525 1739
5526 1740
5542 1741
5546 1742
5549 1743
5555 1744
5564 1745
5572 1746
5575 1747
5577 1748
5591 1749
5593 1750
5595 1751
5596 1752
5600 1753
5611 1754
5612 1755
5623 1756
5624 1757
5625 1758
5627 1759
5634 1760
5636 1761
5638 1762
5639 1763
5641 1764
5642 1765
5657 1766
5658 1767
5660 1768
5662 1769
5663 1770
5664 1771
5682 1772
5688 1773
5701 1774
5709 1775
5719 1776
5724 1777
5726 1778
5733 1779
5736 1780
5737 1781
5745 1782
5746 1783
5748 1784
5757 1785
5767 1786
5772 1787
5773 1788
5774 1789
5784 1790
5785 1791
5791 1792
5794 1793
5795 1794
5802 1795
5808 1796
5812 1797
5813 1798
5814 1799
5815 1800
5817 1801
5819 1802
5823 1803
5825 1804
5830 1805
5834 1806
5837 1807
5838 1808
5839 1809
5840 1810
5841 1811
5842 1812
5846 1813
5861 1814
5862 1815
5866 1816
5869 1817
5878 1818
5881 1819
5883 1820
5886 1821
5888 1822
5895 1823
5896 1824
5897 1825
5900 1826
5908 1827
5909 1828
5913 1829
5914 1830
5915 1831
5916 1832
5917 1833
5928 1834
5932 1835
5937 1836
5939 1837
5940 1838
5943 1839
5945 1840
5947 1841
5950 1842
5951 1843
5958 1844
5962 1845
5967 1846
5969 1847
5971 1848
5975 1849
5985 1850
5986 1851
5987 1852
5988 1853
5989 1854
5990 1855
5996 1856
5997 1857
5998 1858
5999 1859
6001 1860
6002 1861
6003 1862
6005 1863
6007 1864
6017 1865
6019 1866
6023 1867
6027 1868
6031 1869
6036 1870
6038 1871
6039 1872
6042 1873
6043 1874
6045 1875
6052 1876
6053 1877
6057 1878
6060 1879
6066 1880
6067 1881
6068 1882
6070 1883
6071 1884
6073 1885
6077 1886
6080 1887
6081 1888
6082 1889
6083 1890
6087 1891
6089 1892
6091 1893
6102 1894
6105 1895
6108 1896
6112 1897
6113 1898
6114 1899
6117 1900
6118 1901
6121 1902
6124 1903
6125 1904
6127 1905
6133 1906
6134 1907
6136 1908
6140 1909
6145 1910
6146 1911
6150 1912
6151 1913
6154 1914
6158 1915
6159 1916
6160 1917
6162 1918
6163 1919
6164 1920
6166 1921
6170 1922
6173 1923
6174 1924
6176 1925
6178 1926
6182 1927
6183 1928
6184 1929
6187 1930
6191 1931
6196 1932
6201 1933
6210 1934
6215 1935
6216 1936
6218 1937
6223 1938
6224 1939
6227 1940
6228 1941
6236 1942
6240 1943
6243 1944
6248 1945
6252 1946
6253 1947
6254 1948
6255 1949
6257 1950
6259 1951
6260 1952
6263 1953
6265 1954
6267 1955
6269 1956
6272 1957
6273 1958
6280 1959
6281 1960
6283 1961
6286 1962
6287 1963
6288 1964
6289 1965
6292 1966
6293 1967
6305 1968
6309 1969
6311 1970
6312 1971
6313 1972
6316 1973
6317 1974
6319 1975
6322 1976
6323 1977
6326 1978
6331 1979
6335 1980
6340 1981
6345 1982
6346 1983
6347 1984
6349 1985
6351 1986
6355 1987
6363 1988
6364 1989
6366 1990
6367 1991
6372 1992
6373 1993
6376 1994
6378 1995
6380 1996
6381 1997
6382 1998
6384 1999
6385 2000
6389 2001
6396 2002
6398 2003
6399 2004
6401 2005
6404 2006
6406 2007
6408 2008
6412 2009
6419 2010
6423 2011
6424 2012
6426 2013
6428 2014
6430 2015
6432 2016
6440 2017
6443 2018
6444 2019
6446 2020
6447 2021
6448 2022
6452 2023
6453 2024
6457 2025
6458 2026
6459 2027
6463 2028
6470 2029
6471 2030
6472 2031
6473 2032
6474 2033
6475 2034
6482 2035
6484 2036
6486 2037
6488 2038
6494 2039
6495 2040
6496 2041
6500 2042
6502 2043
6504 2044
6506 2045
6509 2046
6515 2047
6516 2048
6517 2049
6519 2050
6521 2051
6528 2052
6532 2053
6533 2054
6538 2055
6540 2056
6542 2057
6543 2058
6544 2059
6547 2060
6548 2061
6550 2062
6552 2063
6553 2064
6556 2065
6559 2066
6560 2067
6561 2068
6562 2069
6563 2070
6564 2071
6566 2072
6568 2073
6569 2074
6571 2075
6572 2076
6573 2077
6574 2078
6576 2079
6580 2080
6582 2081
6584 2082
6586 2083
6591 2084
6592 2085
6599 2086
6600 2087
6601 2088
6602 2089
6604 2090
6605 2091
6606 2092
6612 2093
6613 2094
6617 2095
6620 2096
6621 2097
6622 2098
6624 2099
6625 2100
6627 2101
6631 2102
6634 2103
6638 2104
6639 2105
6640 2106
6641 2107
6643 2108
6645 2109
6646 2110
6649 2111
6653 2112
6654 2113
6655 2114
6656 2115
6658 2116
6666 2117
6667 2118
6670 2119
6671 2120
6674 2121
6684 2122
6690 2123
6691 2124
6696 2125
6702 2126
6706 2127
6707 2128
6711 2129
6712 2130
6713 2131
6720 2132
6721 2133
6723 2134
6726 2135
6730 2136
6731 2137
6732 2138
6734 2139
6739 2140
6741 2141
6742 2142
6748 2143
6749 2144
6752 2145
6753 2146
6755 2147
6756 2148
6758 2149
6760 2150
6762 2151
6765 2152
6768 2153
6777 2154
6779 2155
6780 2156
6781 2157
6784 2158
6786 2159
6788 2160
6789 2161
6790 2162
6792 2163
6793 2164
6794 2165
6795 2166
6796 2167
6798 2168
6799 2169
6801 2170
6802 2171
6803 2172
6804 2173
6808 2174
6809 2175
6813 2176
6815 2177
6819 2178
6822 2179
6823 2180
6824 2181
6827 2182
6831 2183
6832 2184
6834 2185
6835 2186
6840 2187
6842 2188
6843 2189
6845 2190
6846 2191
6847 2192
6849 2193
6856 2194
6858 2195
6859 2196
6860 2197
6861 2198
6862 2199
6863 2200
6864 2201
6865 2202
6867 2203
6872 2204
6873 2205
6874 2206
6876 2207
6880 2208
6883 2209
6884 2210
6889 2211
6890 2212
6891 2213
6892 2214
6902 2215
6903 2216
6904 2217
6905 2218
6906 2219
6907 2220
6908 2221
6913 2222
6916 2223
6918 2224
6920 2225
6921 2226
6923 2227
6924 2228
6925 2229
6928 2230
6929 2231
6930 2232
6931 2233
6935 2234
6938 2235
6939 2236
6940 2237
6941 2238
6942 2239
6944 2240
6948 2241
6949 2242
6951 2243
6952 2244
6954 2245
6955 2246
6957 2247
6958 2248
6965 2249
6966 2250
6969 2251
6972 2252
6976 2253
6982 2254
6983 2255
6984 2256
6987 2257
6988 2258
6990 2259
6991 2260
6992 2261
6993 2262
6995 2263
6996 2264
6997 2265
6998 2266
6999 2267
7000 2268
7002 2269
7003 2270
7004 2271
7005 2272
7006 2273
7007 2274
7008 2275
7009 2276
7010 2277
7016 2278
7018 2279
7022 2280
7024 2281
7025 2282
7026 2283
7030 2284
7035 2285
7038 2286
7041 2287
7043 2288
7044 2289
7045 2290
7046 2291
7050 2292
7057 2293
7058 2294
7059 2295
7060 2296
7062 2297
7070 2298
7072 2299
7075 2300
7080 2301
7081 2302
7082 2303
7085 2304
7088 2305
7089 2306
7092 2307
7093 2308
7098 2309
7102 2310
7108 2311
7109 2312
7110 2313
7111 2314
7113 2315
7114 2316
7115 2317
7118 2318
7119 2319
7120 2320
7121 2321
7122 2322
7124 2323
7125 2324
7127 2325
7129 2326
7130 2327
7131 2328
7132 2329
7133 2330
7134 2331
7135 2332
7136 2333
7137 2334
7144 2335
7148 2336
7150 2337
7152 2338
7153 2339
7154 2340
7161 2341
7163 2342
7170 2343
7172 2344
7175 2345
7176 2346
7179 2347
7180 2348
7182 2349
7185 2350
7192 2351
7193 2352
7194 2353
7196 2354
7199 2355
7200 2356
7207 2357
7208 2358
7211 2359
7213 2360
7215 2361
7216 2362
7217 2363
7218 2364
7225 2365
7228 2366
7229 2367
7230 2368
7231 2369
7235 2370
7238 2371
7239 2372
7241 2373
7242 2374
7243 2375
7245 2376
7246 2377
7249 2378
7256 2379
7266 2380
7268 2381
7270 2382
7276 2383
7277 2384
7278 2385
7279 2386
7280 2387
7284 2388
7285 2389
7290 2390
7292 2391
7293 2392
7297 2393
7298 2394
7300 2395
7303 2396
7305 2397
7307 2398
7308 2399
7310 2400
7316 2401
7318 2402
7321 2403
7331 2404
7335 2405
7337 2406
7341 2407
7343 2408
7345 2409
7346 2410
7347 2411
7350 2412
7351 2413
7355 2414
7357 2415
7358 2416
7359 2417
7360 2418
7361 2419
7362 2420
7363 2421
7364 2422
7366 2423
7367 2424
7373 2425
7374 2426
7375 2427
7381 2428
7383 2429
7384 2430
7385 2431
7386 2432
7387 2433
7390 2434
7392 2435
7393 2436
7396 2437
7397 2438
7399 2439
7404 2440
7407 2441
7408 2442
7409 2443
7411 2444
7412 2445
7413 2446
7417 2447
7419 2448
7420 2449
7422 2450
7423 2451
7428 2452
7431 2453
7432 2454
7433 2455
7434 2456
7437 2457
7438 2458
7442 2459
7444 2460
7451 2461
7452 2462
7453 2463
7456 2464
7457 2465
7461 2466
7463 2467
7464 2468
7465 2469
7466 2470
7468 2471
7471 2472
7472 2473
7474 2474
7475 2475
7483 2476
7486 2477
7487 2478
7488 2479
7490 2480
7492 2481
7496 2482
7497 2483
7499 2484
7504 2485
7505 2486
7506 2487
7507 2488
7508 2489
7509 2490
7511 2491
7518 2492
7519 2493
7520 2494
7522 2495
7524 2496
7525 2497
7526 2498
7528 2499
7529 2500
7530 2501
7532 2502
7533 2503
7535 2504
7537 2505
7539 2506
7542 2507
7544 2508
7545 2509
7548 2510
7549 2511
7550 2512
7551 2513
7555 2514
7557 2515
7558 2516
7563 2517
7566 2518
7568 2519
7569 2520
7570 2521
7575 2522
7576 2523
7577 2524
7579 2525
7580 2526
7581 2527
7583 2528
7585 2529
7586 2530
7587 2531
7590 2532
7591 2533
7592 2534
7594 2535
7596 2536
7597 2537
7598 2538
7599 2539
7600 2540
7603 2541
7605 2542
7607 2543
7610 2544
7613 2545
7628 2546
7630 2547
7635 2548
7637 2549
7638 2550
7640 2551
7641 2552
7642 2553
7645 2554
7649 2555
7655 2556
7668 2557
7671 2558
7675 2559
7676 2560
7682 2561
7683 2562
7684 2563
7686 2564
7689 2565
7690 2566
7695 2567
7697 2568
7698 2569
7699 2570
7700 2571
7701 2572
7704 2573
7705 2574
7706 2575
7707 2576
7708 2577
7713 2578
7714 2579
7718 2580
7719 2581
7721 2582
7723 2583
7724 2584
7727 2585
7732 2586
7733 2587
7737 2588
7738 2589
7739 2590
7740 2591
7741 2592
7745 2593
7748 2594
7750 2595
7752 2596
7753 2597
7754 2598
7755 2599
7757 2600
7761 2601
7764 2602
7766 2603
7769 2604
7770 2605
7771 2606
7775 2607
7777 2608
7778 2609
7779 2610
7783 2611
7785 2612
7789 2613
7791 2614
7795 2615
7796 2616
7797 2617
7798 2618
7799 2619
7800 2620
7802 2621
7803 2622
7805 2623
7806 2624
7808 2625
7812 2626
7814 2627
7815 2628
7817 2629
7819 2630
7822 2631
7825 2632
7826 2633
7828 2634
7829 2635
7832 2636
7833 2637
7835 2638
7836 2639
7837 2640
7838 2641
7839 2642
7844 2643
7845 2644
7848 2645
7852 2646
7854 2647
7855 2648
7861 2649
7862 2650
7867 2651
7871 2652
7872 2653
7873 2654
7874 2655
7878 2656
7879 2657
7880 2658
7890 2659
7895 2660
7899 2661
7904 2662
7905 2663
7909 2664
7913 2665
7915 2666
7920 2667
7922 2668
7923 2669
7924 2670
7927 2671
7928 2672
7929 2673
7933 2674
7934 2675
7936 2676
7937 2677
7942 2678
7943 2679
7944 2680
7945 2681
7949 2682
7950 2683
7953 2684
7954 2685
7956 2686
7959 2687
7961 2688
7962 2689
7969 2690
7973 2691
7974 2692
7975 2693
7976 2694
7977 2695
7979 2696
7980 2697
7981 2698
7983 2699
7989 2700
7990 2701
7992 2702
7994 2703
7998 2704
8001 2705
8003 2706
8004 2707
8005 2708
8007 2709
8009 2710
8016 2711
8018 2712
8024 2713
8026 2714
8036 2715
8037 2716
8039 2717
8041 2718
8042 2719
8043 2720
8044 2721
8045 2722
8046 2723
8047 2724
8049 2725
8053 2726
8058 2727
8059 2728
8060 2729
8061 2730
8062 2731
8064 2732
8069 2733
8071 2734
8073 2735
8074 2736
8075 2737
8076 2738
8077 2739
8079 2740
8080 2741
8081 2742
8083 2743
8085 2744
8088 2745
8089 2746
8092 2747
8094 2748
8096 2749
8099 2750
8103 2751
8105 2752
8107 2753
8108 2754
8109 2755
8113 2756
8114 2757
8116 2758
8119 2759
8122 2760
8123 2761
8124 2762
8125 2763
8129 2764
8130 2765
8131 2766
8134 2767
8136 2768
8137 2769
8141 2770
8142 2771
8144 2772
8145 2773
8147 2774
8148 2775
8151 2776
8155 2777
8157 2778
8158 2779
8160 2780
8163 2781
8164 2782
8167 2783
8168 2784
8170 2785
8171 2786
8173 2787
8177 2788
8180 2789
8181 2790
8184 2791
8192 2792
8193 2793
8195 2794
8198 2795
8202 2796
8204 2797
8206 2798
8207 2799
8208 2800
8209 2801
8210 2802
8211 2803
8212 2804
8214 2805
8215 2806
8216 2807
8218 2808
8219 2809
8220 2810
8221 2811
8222 2812
8225 2813
8226 2814
8227 2815
8230 2816
8231 2817
8234 2818
8238 2819
8239 2820
8241 2821
8243 2822
8245 2823
8249 2824
8250 2825
8251 2826
8254 2827
8261 2828
8263 2829
8264 2830
8267 2831
8268 2832
8271 2833
8272 2834
8273 2835
8275 2836
8277 2837
8279 2838
8282 2839
8283 2840
8285 2841
8286 2842
8287 2843
8293 2844
8295 2845
8297 2846
8298 2847
8301 2848
8303 2849
8305 2850
8306 2851
8311 2852
8312 2853
8313 2854
8315 2855
8316 2856
8319 2857
8320 2858
8321 2859
8322 2860
8326 2861
8327 2862
8328 2863
8330 2864
8331 2865
8333 2866
8334 2867
8336 2868
8337 2869
8338 2870
8341 2871
8346 2872
8349 2873
8353 2874
8357 2875
8360 2876
8361 2877
8362 2878
8364 2879
8366 2880
8367 2881
8372 2882
8373 2883
8374 2884
8376 2885
8379 2886
8383 2887
8384 2888
8385 2889
8386 2890
8388 2891
8390 2892
8400 2893
8401 2894
8404 2895
8405 2896
8406 2897
8407 2898
8409 2899
8410 2900
8412 2901
8413 2902
8414 2903
8417 2904
8418 2905
8421 2906
8422 2907
8423 2908
8426 2909
8427 2910
8429 2911
8430 2912
8431 2913
8433 2914
8434 2915
8436 2916
8438 2917
8439 2918
8441 2919
8443 2920
8445 2921
8451 2922
8454 2923
8455 2924
8470 2925
8472 2926
8473 2927
8475 2928
8477 2929
8478 2930
8479 2931
8480 2932
8482 2933
8483 2934
8492 2935
8494 2936
8496 2937
8497 2938
8499 2939
8501 2940
8505 2941
8506 2942
8507 2943
8509 2944
8511 2945
8513 2946
8514 2947
8515 2948
8517 2949
8518 2950
8519 2951
8520 2952
8522 2953
8523 2954
8524 2955
8525 2956
8530 2957
8533 2958
8534 2959
8538 2960
8547 2961
8549 2962
8552 2963
8553 2964
8554 2965
8555 2966
8556 2967
8557 2968
8560 2969
8563 2970
8564 2971
8565 2972
8566 2973
8568 2974
8569 2975
8571 2976
8577 2977
8580 2978
8581 2979
8582 2980
8586 2981
8587 2982
8591 2983
8593 2984
8594 2985
8595 2986
8602 2987
8603 2988
8604 2989
8607 2990
8611 2991
8612 2992
8618 2993
8619 2994
8621 2995
8622 2996
8623 2997
8624 2998
8630 2999
8634 3000
8636 3001
8642 3002
8643 3003
8645 3004
8648 3005
8649 3006
8653 3007
8654 3008
8655 3009
8656 3010
8658 3011
8659 3012
8663 3013
8664 3014
8665 3015
8667 3016
8668 3017
8670 3018
8671 3019
8678 3020
8682 3021
8683 3022
8684 3023
8685 3024
8686 3025
8687 3026
8690 3027
8691 3028
8697 3029
8699 3030
8700 3031
8704 3032
8705 3033
8707 3034
8708 3035
8709 3036
8711 3037
8714 3038
8715 3039
8718 3040
8727 3041
8728 3042
8732 3043
8733 3044
8737 3045
8751 3046
8759 3047
8760 3048
8762 3049
8765 3050
8767 3051
8769 3052
8770 3053
8773 3054
8774 3055
8775 3056
8777 3057
8780 3058
8781 3059
8783 3060
8785 3061
8786 3062
8787 3063
8788 3064
8790 3065
8792 3066
8793 3067
8794 3068
8797 3069
8798 3070
8807 3071
8809 3072
8810 3073
8812 3074
8814 3075
8815 3076
8818 3077
8822 3078
8823 3079
8824 3080
8826 3081
8828 3082
8829 3083
8830 3084
8833 3085
8834 3086
8836 3087
8838 3088
8839 3089
8840 3090
8843 3091
8846 3092
8847 3093
8848 3094
8849 3095
8850 3096
8851 3097
8854 3098
8855 3099
8859 3100
8860 3101
8863 3102
8864 3103
8866 3104
8868 3105
8872 3106
8873 3107
8875 3108
8881 3109
8882 3110
8884 3111
8885 3112
8895 3113
8901 3114
8903 3115
8906 3116
8907 3117
8908 3118
8909 3119
8910 3120
8912 3121
8918 3122
8920 3123
8921 3124
8923 3125
8924 3126
8926 3127
8927 3128
8930 3129
8932 3130
8935 3131
8937 3132
8938 3133
8939 3134
8940 3135
8941 3136
8942 3137
8943 3138
8944 3139
8949 3140
8952 3141
8954 3142
8955 3143
8956 3144
8958 3145
8960 3146
8964 3147
8965 3148
8966 3149
8967 3150
8970 3151
8971 3152
8972 3153
8976 3154
8978 3155
8979 3156
8982 3157
8984 3158
8986 3159
8991 3160
8992 3161
8994 3162
8995 3163
8997 3164
8998 3165
8999 3166
9015 3167
9017 3168
9018 3169
9019 3170
9020 3171
9022 3172
9023 3173
9024 3174
9025 3175
9026 3176
9027 3177
9031 3178
9034 3179
9035 3180
9039 3181
9045 3182
9046 3183
9051 3184
9052 3185
9053 3186
9054 3187
9060 3188
9062 3189
9067 3190
9070 3191
9071 3192
9072 3193
9073 3194
9074 3195
9077 3196
9078 3197
9080 3198
9081 3199
9083 3200
9085 3201
9087 3202
9090 3203
9093 3204
9096 3205
9098 3206
9101 3207
9107 3208
9109 3209
9110 3210
9113 3211
9120 3212
9121 3213
9126 3214
9132 3215
9135 3216
9138 3217
9140 3218
9144 3219
9148 3220
9149 3221
9151 3222
9156 3223
9160 3224
9161 3225
9162 3226
9166 3227
9170 3228
9172 3229
9174 3230
9181 3231
9182 3232
9186 3233
9190 3234
9191 3235
9195 3236
9200 3237
9203 3238
9204 3239
9207 3240
9208 3241
9211 3242
9212 3243
9215 3244
9216 3245
9218 3246
9220 3247
9221 3248
9223 3249
9226 3250
9227 3251
9231 3252
9233 3253
9236 3254
9237 3255
9239 3256
9242 3257
9246 3258
9247 3259
9248 3260
9249 3261
9250 3262
9252 3263
9253 3264
9255 3265
9259 3266
9273 3267
9274 3268
9275 3269
9277 3270
9278 3271
9279 3272
9280 3273
9282 3274
9286 3275
9293 3276
9295 3277
9299 3278
9301 3279
9303 3280
9308 3281
9309 3282
9311 3283
9312 3284
9313 3285
9315 3286
9318 3287
9319 3288
9320 3289
9322 3290
9324 3291
9325 3292
9326 3293
9328 3294
9329 3295
9331 3296
9333 3297
9337 3298
9338 3299
9340 3300
9341 3301
9342 3302
9345 3303
9346 3304
9348 3305
9349 3306
9350 3307
9351 3308
9352 3309
9353 3310
9354 3311
9356 3312
9360 3313
9361 3314
9363 3315
9364 3316
9366 3317
9369 3318
9371 3319
9372 3320
9373 3321
9374 3322
9375 3323
9376 3324
9377 3325
9382 3326
9383 3327
9384 3328
9391 3329
9392 3330
9393 3331
9394 3332
9397 3333
9398 3334
9399 3335
9400 3336
9401 3337
9402 3338
9403 3339
9404 3340
9407 3341
9408 3342
9409 3343
9411 3344
9413 3345
9419 3346
9425 3347
9427 3348
9428 3349
9429 3350
9430 3351
9431 3352
9435 3353
9436 3354
9438 3355
9439 3356
9441 3357
9442 3358
9443 3359
9445 3360
9448 3361
9449 3362
9452 3363
9454 3364
9462 3365
9466 3366
9471 3367
9472 3368
9477 3369
9478 3370
9479 3371
9484 3372
9486 3373
9491 3374
9495 3375
9498 3376
9499 3377
9504 3378
9506 3379
9507 3380
9508 3381
9511 3382
9514 3383
9517 3384
9518 3385
9520 3386
9521 3387
9523 3388
9524 3389
9527 3390
9529 3391
9530 3392
9532 3393
9533 3394
9534 3395
9535 3396
9537 3397
9538 3398
9543 3399
9545 3400
9546 3401
9548 3402
9549 3403
9550 3404
9551 3405
9554 3406
9555 3407
9556 3408
9560 3409
9562 3410
9564 3411
9565 3412
9566 3413
9570 3414
9571 3415
9573 3416
9574 3417
9575 3418
9577 3419
9584 3420
9588 3421
9589 3422
9590 3423
9591 3424
9595 3425
9596 3426
9599 3427
9600 3428
9601 3429
9602 3430
9604 3431
9607 3432
9608 3433
9618 3434
9619 3435
9620 3436
9621 3437
9622 3438
9624 3439
9625 3440
9627 3441
9628 3442
9629 3443
9634 3444
9635 3445
9638 3446
9639 3447
9640 3448
9642 3449
9644 3450
9646 3451
9647 3452
9652 3453
9653 3454
9654 3455
9656 3456
9658 3457
9659 3458
9663 3459
9664 3460
9667 3461
9675 3462
9683 3463
9684 3464
9685 3465
9693 3466
9699 3467
9704 3468
9705 3469
9708 3470
9709 3471
9713 3472
9715 3473
9717 3474
9721 3475
9722 3476
9724 3477
9729 3478
9732 3479
9733 3480
9735 3481
9738 3482
9739 3483
9749 3484
9750 3485
9751 3486
9753 3487
9754 3488
9755 3489
9758 3490
9768 3491
9769 3492
9770 3493
9772 3494
9774 3495
9776 3496
9783 3497
9785 3498
9786 3499
9792 3500
9793 3501
9796 3502
9798 3503
9804 3504
9806 3505
9808 3506
9812 3507
9813 3508
9815 3509
9816 3510
9818 3511
9820 3512
9823 3513
9830 3514
9832 3515
9835 3516
9838 3517
9839 3518
9856 3519
9859 3520
9863 3521
9865 3522
9866 3523
9869 3524
9872 3525
9874 3526
9877 3527
9879 3528
9881 3529
9885 3530
9890 3531
9891 3532
9892 3533
9893 3534
9897 3535
9898 3536
9901 3537
9902 3538
9906 3539
9908 3540
9911 3541
9920 3542
9921 3543
9923 3544
9924 3545
9931 3546
9933 3547
9934 3548
9936 3549
9937 3550
9938 3551
9940 3552
9941 3553
9943 3554
9944 3555
9945 3556
9946 3557
9949 3558
9951 3559
9956 3560
9957 3561
9958 3562
9960 3563
9961 3564
9962 3565
9964 3566
9974 3567
9981 3568
9982 3569
9985 3570
9987 3571
9989 3572
9994 3573
10002 3574
10005 3575
10009 3576
10023 3577
10031 3578
10035 3579
10047 3580
10051 3581
10054 3582
10055 3583
10062 3584
10063 3585
10074 3586
10083 3587
10088 3588
10094 3589
10102 3590
10105 3591
10106 3592
10108 3593
10110 3594
10115 3595
10118 3596
10119 3597
10127 3598
10133 3599
10141 3600
10143 3601
10144 3602
10148 3603
10149 3604
10151 3605
10156 3606
10158 3607
10160 3608
10186 3609
10187 3610
10195 3611
10204 3612
10208 3613
10215 3614
10219 3615
10228 3616
10230 3617
10233 3618
10237 3619
10241 3620
10247 3621
10249 3622
10251 3623
10255 3624
10262 3625
10265 3626
10267 3627
10269 3628
10271 3629
10274 3630
10277 3631
10278 3632
10279 3633
10287 3634
10290 3635
10291 3636
10292 3637
10293 3638
10294 3639
10301 3640
10303 3641
10305 3642
10309 3643
10311 3644
10315 3645
10321 3646
10323 3647
10324 3648
10329 3649
10333 3650
10334 3651
10336 3652
10337 3653
10338 3654
10340 3655
10341 3656
10342 3657
10353 3658
10357 3659
10366 3660
10373 3661
10374 3662
10376 3663
10378 3664
10382 3665
10387 3666
10389 3667
10391 3668
10393 3669
10398 3670
10399 3671
10400 3672
10401 3673
10413 3674
10414 3675
10415 3676
10419 3677
10422 3678
10424 3679
10425 3680
10426 3681
10427 3682
10429 3683
10431 3684
10434 3685
10436 3686
10441 3687
10442 3688
10448 3689
10454 3690
10457 3691
10458 3692
10460 3693
10463 3694
10465 3695
10473 3696
10474 3697
10480 3698
10483 3699
10486 3700
10487 3701
10488 3702
10489 3703
10490 3704
10491 3705
10494 3706
10495 3707
10496 3708
10497 3709
10500 3710
10503 3711
10505 3712
10506 3713
10507 3714
10509 3715
10516 3716
10519 3717
10521 3718
10535 3719
10536 3720
10537 3721
10549 3722
10551 3723
10555 3724
10557 3725
10559 3726
10567 3727
10570 3728
10574 3729
10577 3730
10580 3731
10583 3732
10588 3733
10589 3734
10590 3735
10591 3736
10592 3737
10593 3738
10602 3739
10603 3740
10606 3741
10608 3742
10609 3743
10610 3744
10616 3745
10621 3746
10623 3747
10631 3748
10632 3749
10634 3750
10640 3751
10645 3752
10647 3753
10652 3754
10653 3755
10654 3756
10656 3757
10664 3758
10666 3759
10678 3760
10684 3761
10688 3762
10690 3763
10691 3764
10692 3765
10695 3766
10696 3767
10698 3768
10699 3769
10706 3770
10708 3771
10710 3772
10715 3773
10717 3774
10723 3775
10725 3776
10729 3777
10734 3778
10735 3779
10736 3780
10740 3781
10743 3782
10744 3783
10748 3784
10750 3785
10751 3786
10754 3787
10756 3788
10760 3789
10769 3790
10772 3791
10774 3792
10776 3793
10777 3794
10780 3795
10781 3796
10782 3797
10783 3798
10785 3799
10788 3800
10789 3801
10795 3802
10796 3803
10797 3804
10798 3805
10799 3806
10800 3807
10802 3808
10803 3809
10804 3810
10805 3811
10806 3812
10807 3813
10810 3814
10816 3815
10817 3816
10828 3817
10829 3818
10832 3819
10835 3820
10836 3821
10837 3822
10839 3823
10840 3824
10841 3825
10843 3826
10845 3827
10848 3828
10850 3829
10852 3830
10856 3831
10859 3832
10862 3833
10863 3834
10864 3835
10866 3836
10867 3837
10869 3838
10871 3839
10874 3840
10875 3841
10880 3842
10882 3843
10883 3844
10886 3845
10888 3846
10889 3847
10890 3848
10894 3849
10895 3850
10896 3851
10899 3852
10901 3853
10904 3854
10905 3855
10907 3856
10911 3857
10912 3858
10917 3859
10918 3860
10919 3861
10920 3862
10922 3863
10925 3864
10926 3865
10930 3866
10931 3867
10932 3868
10936 3869
10938 3870
10943 3871
10946 3872
10948 3873
10949 3874
10950 3875
10957 3876
10962 3877
10968 3878
10969 3879
10970 3880
10973 3881
10974 3882
10977 3883
10978 3884
10981 3885
10985 3886
10986 3887
10993 3888
10994 3889
11002 3890
11003 3891
11011 3892
11014 3893
11015 3894
11019 3895
11020 3896
11023 3897
11024 3898
11025 3899
11029 3900
11030 3901
11033 3902
11039 3903
11040 3904
11042 3905
11044 3906
11048 3907
11049 3908
11053 3909
11054 3910
11057 3911
11058 3912
11060 3913
11061 3914
11068 3915
11071 3916
11076 3917
11078 3918
11081 3919
11084 3920
11085 3921
11086 3922
11087 3923
11088 3924
11091 3925
11093 3926
11096 3927
11097 3928
11098 3929
11100 3930
11101 3931
11103 3932
11104 3933
11105 3934
11106 3935
11107 3936
11108 3937
11109 3938
11112 3939
11113 3940
11115 3941
11118 3942
11121 3943
11123 3944
11127 3945
11128 3946
11131 3947
11133 3948
11134 3949
11137 3950
11139 3951
11140 3952
11141 3953
11144 3954
11145 3955
11146 3956
11147 3957
11148 3958
11151 3959
11154 3960
11155 3961
11158 3962
11159 3963
11163 3964
11166 3965
11170 3966
11172 3967
11173 3968
11184 3969
11190 3970
11191 3971
11197 3972
11200 3973
11202 3974
11205 3975
11207 3976
11212 3977
11219 3978
11222 3979
11228 3980
11229 3981
11231 3982
11232 3983
11239 3984
11241 3985
11246 3986
11247 3987
11254 3988
11255 3989
11256 3990
11259 3991
11262 3992
11265 3993
11269 3994
11272 3995
11274 3996
11276 3997
11278 3998
11281 3999
11284 4000
11288 4001
11289 4002
11292 4003
11298 4004
11299 4005
11306 4006
11313 4007
11317 4008
11320 4009
11321 4010
11323 4011
11330 4012
11333 4013
11337 4014
11349 4015
11353 4016
11357 4017
11360 4018
11361 4019
11363 4020
11365 4021
11373 4022
11376 4023
11377 4024
11381 4025
11389 4026
11390 4027
11391 4028
11395 4029
11396 4030
11400 4031
11401 4032
11403 4033
11407 4034
11408 4035
11429 4036
11435 4037
11440 4038
11441 4039
11458 4040
11460 4041
11463 4042
11465 4043
11483 4044
11484 4045
11492 4046
11506 4047
11527 4048
11528 4049
11529 4050
11531 4051
11532 4052
11547 4053
11549 4054
11551 4055
11552 4056
11554 4057
11558 4058
11563 4059
11569 4060
11581 4061
11592 4062
11595 4063
11601 4064
11604 4065
11607 4066
11611 4067
11617 4068
11620 4069
11626 4070
11636 4071
11638 4072
11639 4073
11642 4074
11646 4075
11647 4076
11648 4077
11649 4078
11652 4079
11653 4080
11661 4081
11666 4082
11667 4083
11669 4084
11670 4085
11673 4086
11674 4087
11699 4088
11703 4089
11709 4090
11713 4091
11715 4092
11717 4093
11722 4094
11730 4095
11731 4096
11747 4097
11749 4098
11762 4099
11764 4100
11765 4101
11766 4102
11769 4103
11781 4104
11785 4105
11787 4106
11802 4107
11811 4108
11812 4109
11813 4110
11815 4111
11821 4112
11823 4113
11824 4114
11826 4115
11828 4116
11831 4117
11832 4118
11835 4119
11839 4120
11849 4121
11856 4122
11857 4123
11872 4124
11876 4125
11877 4126
11878 4127
11891 4128
11892 4129
11894 4130
11906 4131
11908 4132
11909 4133
11911 4134
11912 4135
11918 4136
11922 4137
11929 4138
11930 4139
11931 4140
11933 4141
11936 4142
11948 4143
11953 4144
11957 4145
11959 4146
11961 4147
11962 4148
11963 4149
11965 4150
11967 4151
11969 4152
11976 4153
11981 4154
11982 4155
11990 4156
11992 4157
11993 4158
11997 4159
12002 4160
12005 4161
12011 4162
12013 4163
12016 4164
12017 4165
12018 4166
12019 4167
12020 4168
12027 4169
12037 4170
12057 4171
12063 4172
12064 4173
12067 4174
12068 4175
12072 4176
12081 4177
12083 4178
12085 4179
12086 4180
12088 4181
12090 4182
12092 4183
12108 4184
12109 4185
12112 4186
12115 4187
12128 4188
12145 4189
12154 4190
12156 4191
12164 4192
12167 4193
12168 4194
12171 4195
12172 4196
12179 4197
12184 4198
12186 4199
12187 4200
12195 4201
12198 4202
12202 4203
12203 4204
12210 4205
12216 4206
12218 4207
12221 4208
12230 4209
12240 4210
12245 4211
12249 4212
12254 4213
12262 4214
12264 4215
12285 4216
12288 4217
12289 4218
12290 4219
12295 4220
12306 4221
12308 4222
12309 4223
12312 4224
12313 4225
12317 4226
12324 4227
12325 4228
12327 4229
12331 4230
12336 4231
12337 4232
12339 4233
12346 4234
12349 4235
12350 4236
12352 4237
12361 4238
12368 4239
12369 4240
12372 4241
12378 4242
12384 4243
12385 4244
12387 4245
12391 4246
12393 4247
12396 4248
12404 4249
12407 4250
12410 4251
12412 4252
12422 4253
12425 4254
12427 4255
12428 4256
12430 4257
12431 4258
12440 4259
12442 4260
12448 4261
12449 4262
12457 4263
12467 4264
12469 4265
12478 4266
12480 4267
12481 4268
12482 4269
12485 4270
12489 4271
12490 4272
12492 4273
12493 4274
12495 4275
12503 4276
12504 4277
12505 4278
12507 4279
12508 4280
12509 4281
12515 4282
12517 4283
12521 4284
12526 4285
12527 4286
12533 4287
12536 4288
12538 4289
12547 4290
12550 4291
12551 4292
12553 4293
12558 4294
12559 4295
12563 4296
12564 4297
12565 4298
12566 4299
12568 4300
12571 4301
12573 4302
12575 4303
12576 4304
12586 4305
12592 4306
12600 4307
12602 4308
12603 4309
12604 4310
12605 4311
12609 4312
12612 4313
12613 4314
12614 4315
12622 4316
12624 4317
12625 4318
12629 4319
12631 4320
12634 4321
12636 4322
12638 4323
12643 4324
12654 4325
12656 4326
12658 4327
12661 4328
12663 4329
12665 4330
12672 4331
12675 4332
12676 4333
12679 4334
12681 4335
12683 4336
12687 4337
12692 4338
12693 4339
12696 4340
12697 4341
12699 4342
12702 4343
12703 4344
12705 4345
12707 4346
12708 4347
12710 4348
12711 4349
12717 4350
12719 4351
12723 4352
12728 4353
12729 4354
12731 4355
12733 4356
12734 4357
12735 4358
12737 4359
12742 4360
12744 4361
12746 4362
12749 4363
12757 4364
12760 4365
12761 4366
12766 4367
12771 4368
12779 4369
12785 4370
12788 4371
12791 4372
12793 4373
12794 4374
12797 4375
12801 4376
12804 4377
12807 4378
12809 4379
12812 4380
12814 4381
12818 4382
12819 4383
12820 4384
12825 4385
12828 4386
12833 4387
12834 4388
12838 4389
12839 4390
12841 4391
12842 4392
12845 4393
12847 4394
12850 4395
12867 4396
12871 4397
12872 4398
12875 4399
12896 4400
12899 4401
12905 4402
12913 4403
12914 4404
12915 4405
12919 4406
12924 4407
12926 4408
12931 4409
12946 4410
12947 4411
12948 4412
12949 4413
12951 4414
12952 4415
12957 4416
12959 4417
12960 4418
12962 4419
12964 4420
12967 4421
12969 4422
12972 4423
12973 4424
12975 4425
12980 4426
12981 4427
12983 4428
12984 4429
12987 4430
12989 4431
12990 4432
12992 4433
12996 4434
13000 4435
13008 4436
13011 4437
13016 4438
13017 4439
13018 4440
13020 4441
13026 4442
13031 4443
13032 4444
13033 4445
13036 4446
13041 4447
13043 4448
13045 4449
13047 4450
13048 4451
13050 4452
13056 4453
13057 4454
13062 4455
13063 4456
13072 4457
13074 4458
13077 4459
13085 4460
13086 4461
13089 4462
13091 4463
13092 4464
13094 4465
13098 4466
13103 4467
13106 4468
13108 4469
13111 4470
13121 4471
13131 4472
13132 4473
13133 4474
13137 4475
13138 4476
13141 4477
13145 4478
13151 4479
13157 4480
13158 4481
13161 4482
13168 4483
13169 4484
13170 4485
13171 4486
13173 4487
13190 4488
13195 4489
13201 4490
13203 4491
13204 4492
13205 4493
13206 4494
13208 4495
13211 4496
13214 4497
13217 4498
13220 4499
13236 4500
13247 4501
13251 4502
13256 4503
13258 4504
13261 4505
13262 4506
13264 4507
13272 4508
13276 4509
13285 4510
13289 4511
13290 4512
13292 4513
13302 4514
13304 4515
13316 4516
13318 4517
13319 4518
13321 4519
13328 4520
13334 4521
13346 4522
13355 4523
13371 4524
13373 4525
13379 4526
13384 4527
13385 4528
13387 4529
13394 4530
13400 4531
13403 4532
13412 4533
13423 4534
13430 4535
13433 4536
13434 4537
13436 4538
13442 4539
13445 4540
13448 4541
13453 4542
13456 4543
13479 4544
13482 4545
13488 4546
13491 4547
13492 4548
13497 4549
13500 4550
13517 4551
13519 4552
13520 4553
13527 4554
13533 4555
13544 4556
13549 4557
13559 4558
13563 4559
13566 4560
13568 4561
13570 4562
13576 4563
13585 4564
13593 4565
13597 4566
13600 4567
13602 4568
13603 4569
13605 4570
13612 4571
13614 4572
13619 4573
13623 4574
13624 4575
13626 4576
13628 4577
13636 4578
13639 4579
13642 4580
13646 4581
13650 4582
13653 4583
13657 4584
13659 4585
13660 4586
13685 4587
13690 4588
13697 4589
13706 4590
13713 4591
13716 4592
13717 4593
13718 4594
13723 4595
13726 4596
13728 4597
13729 4598
13730 4599
13731 4600
13736 4601
13737 4602
13739 4603
13741 4604
13743 4605
13757 4606
13762 4607
13770 4608
13772 4609
13785 4610
13787 4611
13794 4612
13806 4613
13808 4614
13822 4615
13826 4616
13828 4617
13831 4618
13852 4619
13858 4620
13859 4621
13863 4622
13867 4623
13868 4624
13869 4625
13873 4626
13876 4627
13880 4628
13890 4629
13891 4630
13894 4631
13896 4632
13903 4633
13906 4634
13918 4635
13920 4636
13929 4637
13930 4638
13931 4639
13943 4640
13946 4641
13947 4642
13948 4643
13949 4644
13952 4645
13959 4646
13966 4647
13970 4648
13974 4649
13976 4650
13979 4651
13980 4652
13995 4653
13996 4654
13999 4655
14001 4656
14006 4657
14007 4658
14009 4659
14038 4660
14042 4661
14079 4662
14086 4663
14089 4664
14095 4665
14097 4666
14103 4667
14111 4668
14117 4669
14118 4670
14124 4671
14126 4672
14128 4673
14132 4674
14144 4675
14146 4676
14149 4677
14152 4678
14154 4679
14157 4680
14165 4681
14166 4682
14168 4683
14169 4684
14174 4685
14185 4686
14190 4687
14192 4688
14197 4689
14203 4690
14209 4691
14225 4692
14236 4693
14245 4694
14250 4695
14260 4696
14266 4697
14275 4698
14286 4699
14287 4700
14298 4701
14299 4702
14302 4703
14307 4704
14308 4705
14314 4706
14317 4707
14320 4708
14321 4709
14332 4710
14339 4711
14343 4712
14344 4713
14363 4714
14366 4715
14373 4716
14382 4717
14383 4718
14384 4719
14386 4720
14396 4721
14400 4722
14408 4723
14412 4724
14418 4725
14421 4726
14424 4727
14426 4728
14427 4729
14431 4730
14432 4731
14435 4732
14438 4733
14441 4734
14442 4735
14453 4736
14457 4737
14462 4738
14465 4739
14475 4740
14480 4741
14487 4742
14488 4743
14496 4744
14506 4745
14514 4746
14518 4747
14523 4748
14531 4749
14541 4750
14544 4751
14547 4752
14551 4753
14554 4754
14562 4755
14564 4756
14574 4757
14576 4758
14583 4759
14586 4760
14595 4761
14597 4762
14607 4763
14608 4764
14609 4765
14630 4766
14634 4767
14646 4768
14650 4769
14652 4770
14721 4771
14740 4772
14768 4773
14776 4774
14786 4775
14796 4776
14800 4777
14804 4778
14807 4779
14818 4780
14822 4781
14832 4782
14836 4783
14842 4784
14853 4785
14869 4786
14871 4787
14875 4788
14877 4789
14879 4790
14881 4791
14884 4792
14888 4793
14892 4794
14893 4795
14894 4796
14904 4797
14907 4798
14910 4799
14916 4800
14918 4801
14923 4802
14924 4803
14926 4804
14936 4805
14960 4806
14963 4807
14969 4808
14972 4809
15004 4810
15006 4811
15012 4812
15026 4813
15033 4814
15042 4815
15048 4816
15055 4817
15056 4818
15064 4819
15072 4820
15086 4821
15087 4822
15091 4823
15112 4824
15114 4825
15117 4826
15118 4827
15121 4828
15136 4829
15138 4830
15139 4831
15140 4832
15143 4833
15159 4834
15163 4835
15170 4836
15205 4837
15219 4838
15220 4839
15221 4840
15232 4841
15233 4842
15236 4843
15242 4844
15248 4845
15258 4846
15260 4847
15267 4848
15268 4849
15274 4850
15282 4851
15284 4852
15288 4853
15289 4854
15291 4855
15306 4856
15310 4857
15311 4858
15321 4859
15328 4860
15343 4861
15349 4862
15350 4863
15353 4864
15362 4865
15373 4866
15375 4867
15381 4868
15382 4869
15383 4870
15386 4871
15388 4872
15390 4873
15394 4874
15402 4875
15406 4876
15421 4877
15428 4878
15432 4879
15436 4880
15439 4881
15446 4882
15455 4883
15467 4884
15469 4885
15471 4886
15479 4887
15480 4888
15485 4889
15492 4890
15493 4891
15495 4892
15498 4893
15500 4894
15506 4895
15514 4896
15534 4897
15543 4898
15567 4899
15572 4900
15580 4901
15583 4902
15586 4903
15587 4904
15592 4905
15593 4906
15594 4907
15596 4908
15603 4909
15613 4910
15614 4911
15615 4912
15616 4913
15617 4914
15621 4915
15625 4916
15632 4917
15644 4918
15645 4919
15646 4920
15650 4921
15652 4922
15669 4923
15680 4924
15703 4925
15708 4926
15711 4927
15715 4928
15721 4929
15723 4930
15729 4931
15735 4932
15739 4933
15751 4934
15773 4935
15774 4936
15794 4937
15814 4938
15834 4939
15839 4940
15841 4941
15848 4942
15855 4943
15876 4944
15886 4945
15894 4946
15900 4947
15904 4948
15906 4949
15910 4950
15912 4951
15918 4952
15920 4953
15926 4954
15942 4955
15950 4956
15952 4957
15962 4958
15969 4959
15972 4960
15993 4961
15994 4962
15999 4963
16009 4964
16019 4965
16031 4966
16051 4967
16075 4968
16077 4969
16083 4970
16084 4971
16085 4972
16093 4973
16103 4974
16104 4975
16106 4976
16121 4977
16122 4978
16123 4979
16124 4980
16132 4981
16141 4982
16142 4983
16143 4984
16168 4985
16170 4986
16173 4987
16179 4988
16186 4989
16195 4990
16213 4991
16214 4992
16217 4993
16223 4994
16226 4995
16230 4996
16237 4997
16238 4998
16243 4999
16245 5000
16252 5001
16254 5002
16255 5003
16256 5004
16260 5005
16266 5006
16269 5007
16273 5008
16287 5009
16299 5010
16300 5011
16321 5012
16326 5013
16332 5014
16333 5015
16335 5016
16345 5017
16357 5018
16359 5019
16364 5020
16365 5021
16378 5022
16381 5023
16382 5024
16385 5025
16398 5026
16416 5027
16432 5028
16436 5029
16452 5030
16481 5031
16493 5032
16497 5033
16500 5034
16512 5035
16517 5036
16520 5037
16537 5038
16539 5039
16559 5040
16571 5041
16578 5042
16586 5043
16587 5044
16593 5045
16597 5046
16601 5047
16606 5048
16622 5049
16626 5050
16629 5051
16634 5052
16635 5053
16637 5054
16642 5055
16652 5056
16653 5057
16654 5058
16658 5059
16665 5060
16677 5061
16680 5062
16686 5063
16687 5064
16689 5065
16690 5066
16693 5067
16694 5068
16696 5069
16729 5070
16735 5071
16744 5072
16745 5073
16746 5074
16752 5075
16753 5076
16768 5077
16779 5078
16782 5079
16788 5080
16793 5081
16801 5082
16819 5083
16844 5084
16859 5085
16862 5086
16870 5087
16883 5088
16907 5089
16911 5090
16922 5091
16925 5092
16927 5093
16935 5094
16937 5095
16942 5096
16950 5097
16951 5098
16952 5099
16956 5100
16976 5101
17017 5102
17033 5103
17034 5104
17039 5105
17049 5106
17051 5107
17058 5108
17061 5109
17064 5110
17083 5111
17105 5112
17109 5113
17125 5114
17128 5115
17135 5116
17141 5117
17158 5118
17162 5119
17174 5120
17180 5121
17185 5122
17195 5123
17196 5124
17208 5125
17232 5126
17236 5127
17253 5128
17259 5129
17281 5130
17283 5131
17286 5132
17298 5133
17302 5134
17314 5135
17318 5136
17320 5137
17325 5138
17326 5139
17348 5140
17349 5141
17356 5142
17362 5143
17368 5144
17370 5145
17371 5146
17381 5147
17402 5148
17408 5149
17426 5150
17433 5151
17440 5152
17480 5153
17483 5154
17486 5155
17487 5156
17489 5157
17497 5158
17498 5159
17521 5160
17529 5161
17537 5162
17565 5163
17575 5164
17577 5165
17582 5166
17586 5167
17594 5168
17617 5169
17619 5170
17620 5171
17625 5172
17633 5173
17637 5174
17639 5175
17643 5176
17644 5177
17655 5178
17656 5179
17657 5180
17659 5181
17664 5182
17665 5183
17668 5184
17687 5185
17690 5186
17694 5187
17697 5188
17700 5189
17705 5190
17709 5191
17714 5192
17722 5193
17724 5194
17728 5195
17730 5196
17740 5197
17748 5198
17751 5199
17752 5200
17776 5201
17777 5202
17794 5203
17795 5204
17802 5205
17814 5206
17816 5207
17818 5208
17821 5209
17851 5210
17855 5211
17856 5212
17857 5213
17861 5214
17862 5215
17866 5216
17880 5217
17883 5218
17884 5219
17900 5220
17907 5221
17933 5222
17937 5223
18048 5224
18092 5225
18120 5226
18194 5227
18201 5228
18202 5229
18203 5230
18205 5231
18210 5232
18215 5233
18221 5234
18233 5235
18234 5236
18240 5237
18246 5238
18247 5239
18249 5240
18250 5241
18299 5242
18306 5243
18308 5244
18350 5245
18357 5246
18368 5247
18369 5248
18370 5249
18384 5250
18399 5251
18408 5252
18415 5253
18437 5254
18487 5255
18518 5256
18521 5257
18557 5258
18593 5259
18608 5260
18630 5261
18640 5262
18651 5263
18655 5264
18726 5265
18744 5266
18748 5267
18767 5268
18777 5269
18799 5270
18802 5271
18806 5272
18825 5273
18890 5274
18922 5275
18945 5276
18968 5277
18969 5278
18976 5279
19005 5280
19008 5281
19033 5282
19048 5283
19084 5284
19089 5285
19133 5286
19175 5287
19220 5288
19235 5289
19266 5290
19271 5291
19274 5292
19307 5293
19362 5294
19475 5295
19529 5296
19560 5297
19574 5298
19579 5299
19618 5300
19619 5301
19626 5302
19634 5303
19657 5304
