0 8
2 8
3 4
4 5
5 0
6 1
7 1
23 51
25 4
29 1
31 2
33 6
35 1
38 13
41 9
42 6
44 1
45 9
48 8
49 3
50 1
53 124
59 7
61 8
64 4
65 26
67 8
71 8
81 4
85 7
88 26
93 6
95 7
104 5
112 10
113 18
116 9
117 19
120 11
126 25
127 573
129 14
130 8
134 6
137 8
138 35
140 159
143 35
144 85
146 5
150 17
153 442
154 14
157 508
161 490
167 7
172 7
173 273
174 530
175 93
176 544
177 531
178 9
181 9
182 7
185 7
189 12
190 7
191 970
193 4
195 9
196 8
198 8
199 6
201 3
203 8
209 98
214 39
217 29
219 20
220 63
223 33
225 4
227 18
228 9
232 4
234 551
239 8
241 85
243 30
245 45
247 7
249 8
254 25
259 15
264 9
266 533
269 91
270 193
272 22
273 40
275 19
276 11
277 12
278 35
279 85
282 22
283 77
284 69
286 483
287 5
289 488
290 16
293 76
294 13
295 15
297 9
300 34
303 7
304 63
307 47
308 10
309 13
311 86
313 12
314 9
315 8
316 31
317 30
318 9
320 32
323 33
324 10
326 25
327 20
328 50
331 73
335 24
337 34
338 18
339 14
341 15
343 8
344 29
345 8
346 88
347 97
348 8
349 676
350 32
351 77
352 14
353 37
354 22
356 25
359 30
360 37
362 94
365 60
367 34
368 72
371 35
372 8
373 32
375 10
377 7
381 20
382 16
384 21
385 14
386 34
387 9
395 35
396 17
398 30
399 14
400 7
406 7
407 72
408 12
412 31
413 38
414 10
419 14
420 11
421 953
423 248
425 70
426 11
428 10
430 9
431 77
433 35
434 25
435 74
436 21
437 9
440 40
441 14
442 39
443 770
444 30
446 8
447 901
449 13
453 13
454 37
455 66
456 91
458 34
460 44
464 31
468 971
469 57
471 14
472 530
473 50
474 50
475 33
478 40
481 11
484 75
488 645
492 24
493 51
495 27
497 22
498 93
499 65
502 33
503 74
506 9
507 21
509 47
510 94
511 73
515 495
516 21
518 23
519 24
520 177
521 30
523 48
524 39
525 97
530 17
533 30
542 55
545 19
546 50
548 33
551 25
552 96
559 873
562 32
564 36
566 486
568 34
569 26
570 10
572 10
573 24
575 516
577 31
578 17
581 9
587 29
588 49
589 137
592 64
594 33
597 46
598 20
601 955
602 481
603 35
606 28
607 21
608 17
612 39
613 98
615 17
617 18
618 87
619 34
623 50
626 52
628 48
629 966
630 51
632 28
635 17
639 49
642 64
644 31
645 27
648 86
653 94
654 31
657 21
658 38
659 33
663 23
664 16
665 26
666 86
669 24
672 32
673 18
674 26
675 17
676 24
677 61
679 42
681 49
682 49
683 18
684 30
687 93
688 942
689 92
690 57
691 19
695 88
699 23
701 31
702 18
705 91
707 505
709 678
711 92
712 13
713 55
714 60
715 27
717 22
719 13
722 145
723 33
724 17
733 66
735 130
737 236
738 36
739 21
740 19
742 32
746 31
749 76
750 31
751 61
752 32
753 95
754 46
756 55
758 94
761 93
763 93
764 20
767 93
768 32
770 36
771 815
773 49
775 761
777 91
778 15
779 30
780 36
784 38
785 38
787 39
788 79
789 26
790 27
791 93
792 668
794 13
797 934
799 72
802 25
803 51
804 16
805 69
808 33
809 28
810 45
816 24
820 21
824 52
826 38
829 54
830 31
832 17
833 37
835 52
836 45
838 12
839 39
840 20
841 36
842 96
843 35
847 95
849 39
852 28
855 24
856 38
857 25
860 85
861 284
863 510
866 75
867 502
870 87
873 79
874 20
875 46
878 541
880 86
881 28
882 83
884 55
885 822
887 86
888 95
889 59
891 24
892 42
894 24
896 53
898 49
899 23
901 77
902 287
907 60
911 39
915 56
918 77
921 39
923 38
925 30
926 51
931 39
933 39
934 19
935 19
937 49
941 39
942 43
945 57
946 19
947 38
948 46
949 57
950 45
951 80
953 96
954 55
960 45
961 51
963 20
964 58
965 27
966 60
967 22
971 32
972 21
973 21
974 42
975 74
977 30
978 87
979 41
980 20
982 69
988 59
992 964
993 60
995 26
998 27
999 30
1000 66
1001 68
1004 47
1006 31
1007 23
1008 54
1015 57
1016 62
1022 17
1026 33
1027 47
1028 28
1029 71
1031 96
1032 32
1035 68
1037 33
1040 45
1041 39
1042 39
1043 45
1045 50
1046 40
1048 54
1051 92
1055 42
1056 38
1058 41
1059 63
1063 92
1064 26
1065 95
1067 58
1068 25
1069 39
1070 81
1071 40
1073 89
1076 903
1077 85
1079 540
1083 55
1084 92
1085 15
1088 87
1089 574
1092 33
1096 23
1098 90
1099 44
1100 35
1101 27
1102 37
1104 26
1106 60
1107 73
1109 960
1111 61
1112 40
1114 35
1115 48
1116 38
1117 67
1118 59
1119 68
1120 56
1122 42
1123 44
1126 76
1127 37
1128 27
1129 50
1130 31
1131 61
1132 60
1133 81
1134 24
1135 33
1136 79
1137 92
1138 27
1140 56
1141 93
1142 50
1145 63
1147 80
1148 67
1149 65
1152 79
1153 85
1154 61
1158 91
1163 45
1168 950
1169 33
1171 49
1172 37
1178 66
1180 45
1182 72
1184 93
1185 64
1186 90
1187 518
1188 48
1189 60
1190 534
1191 517
1192 560
1193 42
1195 62
1196 30
1198 45
1199 64
1201 26
1207 50
1208 96
1209 20
1211 35
1213 53
1216 26
1218 60
1221 27
1224 35
1225 24
1226 66
1228 45
1229 48
1231 37
1232 45
1233 37
1234 84
1235 31
1241 94
1245 46
1246 44
1249 29
1250 34
1251 95
1252 550
1255 56
1256 29
1259 60
1260 80
1263 59
1264 91
1268 53
1269 88
1270 66
1271 38
1272 93
1274 37
1277 31
1278 96
1279 93
1281 41
1285 535
1286 51
1287 68
1289 53
1294 44
1295 70
1296 34
1297 91
1301 938
1302 535
1304 78
1305 46
1306 53
1307 47
1308 40
1311 94
1312 47
1314 37
1315 53
1316 42
1317 62
1318 480
1319 23
1321 29
1327 96
1329 46
1331 87
1332 46
1334 35
1335 27
1336 50
1337 54
1339 36
1340 777
1341 27
1342 29
1343 75
1344 69
1345 258
1346 33
1347 96
1349 58
1351 43
1352 32
1353 59
1355 85
1357 34
1358 90
1361 45
1362 26
1363 94
1364 45
1365 87
1366 62
1367 459
1368 54
1369 34
1370 41
1371 48
1373 86
1376 61
1377 93
1379 33
1380 20
1382 45
1385 63
1386 96
1387 79
1389 45
1390 34
1391 44
1392 51
1393 535
1395 130
1396 53
1398 35
1400 49
1401 67
1402 183
1409 49
1410 47
1411 32
1413 80
1414 81
1418 44
1419 94
1422 80
1423 33
1427 33
1428 59
1429 61
1433 33
1434 47
1437 45
1440 47
1442 46
1443 92
1444 46
1447 46
1449 29
1450 98
1451 26
1452 37
1454 35
1455 51
1457 50
1459 50
1460 33
1461 515
1465 90
1466 63
1468 52
1469 36
1471 82
1472 33
1474 52
1476 31
1478 58
1479 32
1485 48
1487 30
1488 72
1490 35
1491 40
1493 28
1494 54
1497 25
1498 57
1502 49
1503 58
1505 44
1506 98
1507 77
1508 91
1509 87
1510 82
1511 90
1512 57
1513 41
1514 38
1515 88
1517 48
1518 34
1520 78
1521 72
1522 53
1525 71
1526 61
1529 53
1530 48
1533 86
1534 49
1535 55
1537 67
1538 41
1540 132
1542 46
1543 91
1544 36
1546 54
1551 91
1553 53
1555 79
1557 48
1563 37
1565 37
1567 48
1568 74
1570 67
1573 52
1575 98
1579 34
1580 33
1581 61
1582 57
1583 58
1585 42
1586 55
1587 67
1588 53
1589 49
1590 43
1592 69
1596 67
1597 50
1598 55
1599 71
1603 83
1605 45
1606 45
1609 88
1610 43
1614 59
1615 83
1617 38
1618 51
1620 54
1622 53
1623 31
1628 56
1634 31
1635 60
1637 39
1638 46
1639 98
1641 52
1643 47
1647 55
1649 43
1655 40
1656 542
1659 78
1661 475
1664 58
1666 39
1667 92
1669 58
1671 71
1672 75
1676 31
1680 38
1683 73
1688 58
1689 48
1690 52
1692 53
1696 46
1697 44
1699 30
1701 48
1709 44
1710 42
1713 62
1714 39
1719 56
1720 45
1722 34
1724 80
1728 42
1731 44
1732 67
1741 45
1742 39
1744 36
1745 47
1746 56
1748 214
1753 69
1755 56
1756 508
1758 52
1760 53
1761 151
1762 46
1765 92
1767 88
1769 58
1770 51
1772 50
1774 42
1778 52
1780 41
1784 546
1785 58
1786 58
1788 73
1789 42
1791 44
1792 47
1794 95
1797 43
1802 71
1804 76
1805 70
1806 43
1808 31
1809 817
1810 39
1813 43
1814 90
1815 88
1816 89
1819 63
1823 53
1824 76
1825 59
1827 46
1830 67
1831 90
1832 53
1834 28
1838 86
1843 48
1845 51
1849 48
1857 80
1860 42
1861 44
1864 33
1867 67
1868 69
1871 39
1875 39
1877 54
1882 60
1886 49
1890 98
1892 38
1897 88
1898 64
1899 521
1902 35
1903 72
1905 87
1907 46
1908 48
1911 72
1913 40
1921 92
1923 88
1927 69
1931 49
1937 44
1938 49
1939 61
1941 42
1943 54
1946 52
1947 52
1948 54
1949 46
1951 98
1955 45
1958 44
1962 92
1969 62
1971 46
1972 162
1974 58
1976 81
1978 45
1981 42
1982 67
1984 74
1986 41
1987 74
1988 64
1990 36
1995 73
1997 96
1998 44
2002 88
2015 62
2016 71
2019 44
2022 46
2024 57
2026 396
2031 37
2033 43
2036 51
2037 61
2039 49
2040 37
2044 61
2045 39
2047 46
2050 71
2051 51
2052 77
2053 121
2055 56
2067 51
2068 59
2072 50
2076 45
2080 51
2081 31
2085 31
2086 48
2092 56
2099 82
2100 41
2103 34
2105 79
2106 57
2108 89
2110 37
2111 47
2115 63
2119 42
2120 51
2123 39
2128 31
2136 55
2139 32
2140 93
2142 84
2143 146
2149 74
2158 49
2159 70
2160 97
2163 116
2164 61
2165 75
2174 58
2181 55
2186 84
2187 83
2189 64
2193 57
2194 64
2196 67
2197 51
2198 95
2201 170
2202 57
2204 50
2206 60
2208 79
2221 63
2223 48
2226 70
2227 40
2229 50
2230 51
2233 50
2236 60
2237 39
2238 58
2243 53
2245 142
2246 53
2250 54
2257 63
2260 39
2261 56
2268 65
2269 60
2281 70
2288 83
2289 48
2290 64
2292 64
2294 62
2295 101
2296 65
2298 65
2302 77
2306 53
2308 61
2309 75
2313 52
2315 582
2317 68
2325 70
2332 47
2342 63
2343 81
2347 90
2349 88
2350 78
2353 44
2362 59
2364 93
2369 65
2373 50
2374 65
2375 51
2379 40
2380 52
2382 61
2383 135
2385 58
2386 62
2391 44
2392 55
2395 67
2398 56
2402 52
2406 47
2408 68
2410 48
2411 53
2413 58
2420 57
2423 82
2426 45
2432 71
2435 45
2437 72
2439 46
2441 44
2442 59
2443 45
2446 72
2449 552
2453 546
2460 54
2465 55
2469 976
2470 71
2474 51
2475 48
2478 52
2480 52
2481 60
2488 61
2489 45
2490 44
2491 70
2493 40
2494 77
2495 92
2496 63
2503 58
2506 735
2508 84
2509 77
2513 61
2516 98
2518 72
2520 69
2523 70
2525 93
2527 92
2529 70
2531 53
2535 90
2536 55
2537 137
2539 56
2543 66
2544 74
2546 67
2547 59
2548 52
2553 58
2555 54
2565 76
2567 97
2574 63
2577 66
2580 67
2582 50
2583 65
2585 78
2587 93
2590 51
2591 55
2593 82
2595 48
2604 41
2608 65
2610 75
2612 90
2613 61
2614 77
2615 41
2622 41
2625 67
2627 359
2630 68
2634 86
2635 91
2636 73
2640 65
2643 53
2645 67
2648 73
2650 131
2651 544
2655 74
2660 71
2661 96
2663 93
2666 540
2670 224
2671 80
2674 74
2677 64
2679 557
2684 52
2688 91
2690 57
2691 541
2692 65
2693 95
2698 605
2699 59
2704 61
2706 47
2709 73
2711 63
2714 68
2727 84
2730 54
2737 52
2745 151
2748 87
2751 59
2752 66
2753 51
2756 60
2758 89
2759 63
2762 98
2763 66
2764 48
2765 67
2766 81
2770 78
2774 261
2778 71
2779 89
2780 96
2781 96
2783 189
2785 69
2787 67
2789 80
2790 55
2792 45
2798 276
2808 82
2809 98
2812 98
2813 80
2814 50
2817 76
2820 48
2824 98
2825 46
2826 57
2827 58
2828 62
2833 70
2834 51
2835 74
2839 90
2840 79
2844 67
2848 51
2851 75
2852 82
2854 53
2860 51
2861 127
2862 97
2863 54
2864 47
2865 138
2870 66
2871 61
2872 93
2874 56
2875 79
2879 91
2882 114
2889 91
2896 89
2903 77
2908 93
2909 83
2911 123
2912 59
2916 73
2918 94
2920 50
2924 92
2925 82
2930 124
2936 72
2940 71
2941 69
2942 79
2947 78
2955 74
2957 68
2969 122
2971 94
2977 73
2978 70
2980 97
2981 97
2987 79
2990 64
2996 215
2998 65
3006 69
3010 85
3012 71
3017 59
3023 73
3027 64
3038 69
3043 96
3047 56
3048 89
3049 75
3056 236
3062 95
3064 73
3065 58
3073 68
3076 116
3078 74
3087 87
3094 85
3095 80
3096 74
3103 94
3106 73
3113 73
3126 75
3131 93
3132 125
3133 57
3135 98
3137 93
3138 112
3139 55
3150 109
3152 59
3155 89
3165 108
3167 80
3168 73
3170 95
3178 98
3194 73
3199 58
3201 72
3214 91
3222 95
3223 75
3228 78
3235 116
3236 74
3239 116
3240 63
3246 65
3248 68
3249 64
3252 92
3260 64
3266 81
3273 67
3274 91
3290 94
3291 90
3292 72
3299 81
3301 63
3316 81
3323 64
3325 75
3336 147
3346 62
3348 75
3349 86
3363 100
3368 55
3380 86
3382 65
3394 90
3402 70
3403 184
3407 66
3409 84
3414 92
3416 84
3418 75
3423 77
3424 94
3427 226
3429 79
3431 92
3438 82
3439 78
3443 83
3444 83
3450 83
3456 69
3459 72
3470 67
3471 192
3473 97
3476 89
3480 72
3482 54
3501 71
3502 95
3505 92
3506 98
3508 72
3511 83
3515 81
3522 81
3532 280
3536 93
3537 98
3538 95
3544 76
3549 87
3552 53
3559 68
3563 89
3564 73
3567 86
3582 83
3583 83
3584 88
3595 83
3597 296
3599 87
3613 86
3615 84
3617 86
3627 95
3632 77
3633 77
3634 72
3637 84
3640 101
3642 83
3644 96
3649 95
3662 90
3663 86
3666 74
3677 648
3678 268
3691 86
3692 802
3698 61
3701 110
3706 86
3708 78
3720 72
3724 96
3730 74
3741 73
3748 72
3749 84
3750 74
3751 74
3753 96
3757 89
3759 72
3761 76
3768 78
3769 60
3777 75
3780 87
3786 116
3790 99
3801 76
3803 97
3804 150
3806 89
3807 896
3810 76
3813 77
3814 78
3816 95
3818 572
3820 81
3827 577
3828 80
3830 321
3831 92
3832 70
3833 61
3834 97
3836 92
3838 79
3841 81
3843 86
3846 97
3849 78
3851 80
3853 83
3865 581
3869 81
3870 94
3872 88
3876 82
3880 95
3882 99
3889 92
3891 88
3899 93
3900 81
3904 94
3907 111
3908 79
3909 84
3910 96
3911 87
3912 98
3914 79
3915 93
3916 89
3917 76
3919 95
3924 98
3925 89
3929 93
3931 88
3932 97
3936 96
3937 82
3938 72
3948 98
3950 98
3953 77
3955 96
3956 77
3957 86
3960 77
3962 81
3963 78
3965 76
3966 87
3967 75
3969 98
3974 596
3976 576
3986 91
3989 73
3993 94
3995 77
3996 84
3997 92
3999 78
4002 77
4007 79
4012 82
4015 96
4018 576
4019 86
4035 94
4037 94
4041 75
4044 85
4045 82
4047 85
4049 93
4050 112
4063 88
4064 79
4071 95
4078 95
4085 89
4088 96
4089 96
4092 86
4095 93
4096 78
4098 570
4103 84
4111 86
4118 90
4120 76
4123 84
4127 96
4129 77
4132 87
4136 83
4141 768
4146 79
4147 75
4148 92
4150 87
4153 566
4169 82
4171 81
4186 82
4190 80
4192 95
4194 87
4196 83
4200 93
4251 94
4252 87
4262 96
4271 85
4273 85
4293 95
4303 92
4304 91
4313 91
4314 93
4316 94
4317 79
4319 115
4320 472
4326 88
4328 74
4330 89
4379 99
4407 458
4414 459
4483 123
4628 427
4729 443
4730 94
4819 219
4821 85
4861 178
4878 114
4887 297
4894 221
4932 574
4948 117
4949 89
4965 5
4982 98
4992 240
4994 180
5036 180
5049 209
5054 77
5065 300
5074 114
5081 217
5088 86
5089 96
5104 116
5124 92
5139 125
5150 30
5152 62
5161 113
5166 97
5178 467
5182 135
5186 324
5214 489
5239 8
5240 497
5247 505
5251 303
5253 98
5254 173
5270 474
5283 85
5284 113
5288 91
5289 80
5291 633
5297 188
5310 307
5311 283
5323 52
5324 24
5326 85
5329 228
5334 250
5338 85
5344 227
5345 92
5351 193
5353 223
5358 241
5360 243
5361 217
5362 234
5364 229
5371 733
5372 227
5381 216
5384 223
5385 498
5392 126
5400 10
5401 3
5404 579
5416 108
5419 244
5422 656
5426 138
5428 199
5433 199
5448 254
5467 130
5468 152
5478 124
5479 96
5480 125
5482 116
5483 138
5484 147
5486 142
5507 732
5512 248
5522 147
5523 230
5525 136
5526 127
5542 118
5546 129
5549 91
5555 145
5564 456
5572 139
5575 231
5577 451
5591 202
5593 95
5595 157
5596 179
5600 171
5611 496
5612 840
5623 544
5624 554
5625 230
5627 140
5634 91
5636 117
5638 89
5639 209
5641 236
5642 137
5657 132
5658 80
5660 93
5662 143
5663 199
5664 118
5682 156
5688 140
5701 620
5709 128
5719 91
5724 144
5726 156
5733 123
5736 292
5737 194
5745 468
5746 248
5748 242
5757 125
5767 269
5772 255
5773 154
5774 150
5784 183
5785 244
5791 114
5794 110
5795 121
5802 669
5808 94
5812 93
5813 90
5814 135
5815 123
5817 123
5819 124
5823 337
5825 110
5830 142
5834 239
5837 98
5838 100
5839 133
5840 133
5841 438
5842 281
5846 138
5861 460
5862 146
5866 133
5869 95
5878 59
5881 127
5883 139
5886 156
5888 157
5895 136
5896 123
5897 702
5900 137
5908 96
5909 93
5913 137
5914 91
5915 92
5916 122
5917 138
5928 620
5932 165
5937 237
5939 98
5940 98
5943 128
5945 152
5947 106
5950 174
5951 165
5958 97
5962 253
5967 140
5969 134
5971 93
5975 115
5985 143
5986 375
5987 128
5988 114
5989 225
5990 131
5996 144
5997 397
5998 458
5999 120
6001 477
6002 135
6003 99
6005 69
6007 307
6017 98
6019 234
6023 100
6027 563
6031 99
6036 590
6038 230
6039 41
6042 109
6043 164
6045 135
6052 121
6053 94
6057 141
6060 117
6066 643
6067 142
6068 124
6070 262
6071 128
6073 116
6077 254
6080 136
6081 280
6082 197
6083 117
6087 97
6089 99
6091 89
6102 159
6105 89
6108 125
6112 162
6113 116
6114 154
6117 98
6118 114
6121 149
6124 126
6125 125
6127 256
6133 138
6134 132
6136 133
6140 255
6145 580
6146 116
6150 184
6151 154
6154 129
6158 97
6159 420
6160 96
6162 92
6163 145
6164 127
6166 126
6170 112
6173 224
6174 186
6176 89
6178 136
6182 88
6183 333
6184 98
6187 584
6191 143
6196 263
6201 125
6210 168
6215 108
6216 124
6218 91
6223 160
6224 239
6227 241
6228 299
6236 151
6240 142
6243 95
6248 120
6252 990
6253 991
6254 182
6255 195
6257 98
6259 176
6260 90
6263 86
6265 108
6267 99
6269 185
6272 119
6273 113
6280 126
6281 131
6283 98
6286 143
6287 158
6288 142
6289 190
6292 159
6293 109
6305 127
6309 154
6311 146
6312 181
6313 405
6316 129
6317 126
6319 108
6322 125
6323 113
6326 127
6331 98
6335 155
6340 619
6345 97
6346 128
6347 128
6349 127
6351 131
6355 163
6363 139
6364 968
6366 115
6367 261
6372 98
6373 165
6376 98
6378 619
6380 125
6381 136
6382 128
6384 184
6385 128
6389 95
6396 95
6398 113
6399 129
6401 117
6404 145
6406 168
6408 99
6412 161
6419 185
6423 245
6424 151
6426 143
6428 161
6430 124
6432 98
6440 161
6443 133
6444 207
6446 221
6447 213
6448 118
6452 104
6453 101
6457 127
6458 174
6459 126
6463 112
6470 99
6471 189
6472 137
6473 215
6474 681
6475 233
6482 97
6484 181
6486 98
6488 166
6494 292
6495 201
6496 155
6500 292
6502 204
6504 115
6506 144
6509 119
6515 133
6516 145
6517 172
6519 148
6521 206
6528 164
6532 174
6533 96
6538 134
6540 122
6542 133
6543 170
6544 138
6547 122
6548 299
6550 122
6552 125
6553 111
6556 125
6559 251
6560 167
6561 71
6562 107
6563 106
6564 104
6566 105
6568 563
6569 130
6571 140
6572 95
6573 127
6574 162
6576 176
6580 112
6582 158
6584 98
6586 137
6591 149
6592 122
6599 107
6600 228
6601 97
6602 571
6604 70
6605 101
6606 198
6612 111
6613 255
6617 108
6620 106
6621 149
6622 137
6624 108
6625 120
6627 119
6631 122
6634 229
6638 116
6639 159
6640 121
6641 168
6643 95
6645 85
6646 141
6649 98
6653 170
6654 152
6655 591
6656 615
6658 622
6666 258
6667 321
6670 191
6671 125
6674 76
6684 105
6690 138
6691 139
6696 104
6702 96
6706 247
6707 238
6711 150
6712 128
6713 151
6720 230
6721 130
6723 792
6726 404
6730 142
6731 160
6732 191
6734 225
6739 152
6741 159
6742 67
6748 127
6749 161
6752 972
6753 66
6755 131
6756 133
6758 172
6760 155
6762 109
6765 202
6768 127
6777 169
6779 107
6780 133
6781 116
6784 118
6786 110
6788 147
6789 121
6790 149
6792 302
6793 242
6794 193
6795 143
6796 117
6798 120
6799 198
6801 153
6802 154
6803 122
6804 71
6808 170
6809 225
6813 144
6815 257
6819 749
6822 190
6823 129
6824 107
6827 165
6831 132
6832 65
6834 170
6835 122
6840 33
6842 107
6843 220
6845 186
6846 184
6847 132
6849 132
6856 180
6858 121
6859 125
6860 290
6861 99
6862 98
6863 233
6864 135
6865 160
6867 109
6872 140
6873 979
6874 155
6876 226
6880 45
6883 120
6884 190
6889 152
6890 100
6891 386
6892 106
6902 131
6903 122
6904 134
6905 130
6906 598
6907 126
6908 104
6913 132
6916 103
6918 508
6920 130
6921 132
6923 151
6924 123
6925 508
6928 124
6929 200
6930 113
6931 119
6935 202
6938 93
6939 223
6940 333
6941 98
6942 147
6944 141
6948 141
6949 176
6951 175
6952 149
6954 150
6955 53
6957 159
6958 247
6965 990
6966 194
6969 210
6972 149
6976 186
6982 118
6983 115
6984 125
6987 200
6988 158
6990 114
6991 128
6992 149
6993 120
6995 54
6996 160
6997 53
6998 146
6999 142
7000 277
7002 150
7003 145
7004 169
7005 215
7006 156
7007 111
7008 164
7009 157
7010 123
7016 471
7018 187
7022 412
7024 198
7025 112
7026 275
7030 275
7035 205
7038 243
7041 129
7043 139
7044 180
7045 119
7046 141
7050 148
7057 423
7058 118
7059 123
7060 140
7062 99
7070 137
7072 125
7075 138
7080 203
7081 136
7082 261
7085 139
7088 138
7089 127
7092 147
7093 144
7098 415
7102 132
7108 160
7109 231
7110 114
7111 231
7113 124
7114 182
7115 380
7118 147
7119 175
7120 122
7121 165
7122 151
7124 167
7125 130
7127 109
7129 219
7130 157
7131 385
7132 122
7133 249
7134 124
7135 123
7136 186
7137 122
7144 228
7148 205
7150 129
7152 169
7153 131
7154 131
7161 177
7163 122
7170 161
7172 120
7175 256
7176 189
7179 202
7180 112
7182 317
7185 203
7192 115
7193 154
7194 148
7196 136
7199 113
7200 138
7207 126
7208 253
7211 144
7213 154
7215 160
7216 115
7217 136
7218 131
7225 590
7228 129
7229 330
7230 207
7231 125
7235 150
7238 132
7239 137
7241 436
7242 129
7243 129
7245 381
7246 118
7249 126
7256 182
7266 137
7268 279
7270 128
7276 140
7277 250
7278 344
7279 312
7280 155
7284 183
7285 608
7290 247
7292 221
7293 137
7297 622
7298 633
7300 149
7303 126
7305 124
7307 200
7308 117
7310 148
7316 237
7318 143
7321 157
7331 150
7335 253
7337 536
7341 178
7343 973
7345 316
7346 179
7347 319
7350 124
7351 339
7355 537
7357 359
7358 151
7359 364
7360 683
7361 536
7362 363
7363 229
7364 365
7366 189
7367 189
7373 316
7374 255
7375 145
7381 145
7383 358
7384 327
7385 150
7386 423
7387 316
7390 636
7392 330
7393 301
7396 163
7397 321
7399 145
7404 185
7407 168
7408 315
7409 144
7411 112
7412 317
7413 291
7417 106
7419 324
7420 163
7422 232
7423 147
7428 142
7431 152
7432 336
7433 270
7434 183
7437 205
7438 171
7442 144
7444 136
7451 317
7452 200
7453 153
7456 164
7457 326
7461 145
7463 139
7464 144
7465 148
7466 361
7468 132
7471 162
7472 137
7474 142
7475 153
7483 237
7486 344
7487 146
7488 139
7490 328
7492 374
7496 219
7497 328
7499 252
7504 401
7505 151
7506 302
7507 157
7508 158
7509 180
7511 880
7518 175
7519 146
7520 215
7522 144
7524 155
7525 406
7526 314
7528 186
7529 197
7530 139
7532 300
7533 157
7535 131
7537 130
7539 130
7542 369
7544 198
7545 138
7548 146
7549 154
7550 133
7551 154
7555 322
7557 273
7558 132
7563 308
7566 133
7568 868
7569 133
7570 148
7575 130
7576 129
7577 192
7579 141
7580 140
7581 146
7583 197
7585 182
7586 185
7587 131
7590 196
7591 193
7592 310
7594 130
7596 105
7597 138
7598 198
7599 633
7600 141
7603 352
7605 141
7607 147
7610 133
7613 180
7628 144
7630 156
7635 140
7637 128
7638 156
7640 149
7641 134
7642 155
7645 210
7649 135
7655 313
7668 437
7671 139
7675 348
7676 150
7682 153
7683 153
7684 154
7686 217
7689 132
7690 176
7695 148
7697 156
7698 397
7699 576
7700 213
7701 332
7704 208
7705 325
7706 176
7707 136
7708 133
7713 585
7714 129
7718 169
7719 299
7721 139
7723 195
7724 164
7727 177
7732 146
7733 198
7737 140
7738 318
7739 186
7740 174
7741 128
7745 426
7748 133
7750 199
7752 160
7753 650
7754 334
7755 159
7757 148
7761 298
7764 155
7766 139
7769 148
7770 240
7771 139
7775 166
7777 147
7778 128
7779 448
7783 171
7785 319
7789 156
7791 145
7795 153
7796 158
7797 542
7798 420
7799 293
7800 156
7802 184
7803 241
7805 164
7806 188
7808 159
7812 308
7814 279
7815 253
7817 227
7819 142
7822 143
7825 153
7826 134
7828 149
7829 226
7832 159
7833 361
7835 198
7836 144
7837 305
7838 148
7839 151
7844 19
7845 143
7848 174
7852 141
7854 140
7855 235
7861 143
7862 225
7867 393
7871 171
7872 153
7873 195
7874 150
7878 232
7879 350
7880 142
7890 297
7895 412
7899 136
7904 159
7905 340
7909 969
7913 169
7915 128
7920 152
7922 202
7923 36
7924 177
7927 349
7928 142
7929 211
7933 145
7934 145
7936 59
7937 146
7942 246
7943 166
7944 149
7945 168
7949 183
7950 133
7953 361
7954 192
7956 126
7959 9
7961 216
7962 167
7969 974
7973 189
7974 333
7975 313
7976 652
7977 196
7979 49
7980 718
7981 646
7983 191
7989 194
7990 166
7992 161
7994 204
7998 368
8001 149
8003 189
8004 9
8005 292
8007 196
8009 152
8016 136
8018 172
8024 143
8026 146
8036 605
8037 47
8039 201
8041 161
8042 149
8043 246
8044 127
8045 169
8046 142
8047 143
8049 129
8053 270
8058 548
8059 160
8060 173
8061 173
8062 184
8064 164
8069 174
8071 351
8073 173
8074 159
8075 161
8076 169
8077 314
8079 157
8080 332
8081 168
8083 277
8085 207
8088 152
8089 234
8092 145
8094 165
8096 143
8099 38
8103 331
8105 203
8107 256
8108 173
8109 180
8113 151
8114 181
8116 436
8119 618
8122 235
8123 160
8124 173
8125 650
8129 150
8130 292
8131 232
8134 147
8136 267
8137 145
8141 286
8142 423
8144 288
8145 937
8147 180
8148 155
8151 306
8155 149
8157 142
8158 257
8160 367
8163 160
8164 143
8167 266
8168 142
8170 147
8171 247
8173 307
8177 229
8180 265
8181 75
8184 379
8192 142
8193 293
8195 341
8198 151
8202 138
8204 165
8206 166
8207 289
8208 186
8209 369
8210 179
8211 127
8212 229
8214 177
8215 216
8216 176
8218 138
8219 294
8220 208
8221 178
8222 212
8225 204
8226 556
8227 184
8230 32
8231 43
8234 213
8238 191
8239 353
8241 215
8243 195
8245 183
8249 189
8250 174
8251 170
8254 331
8261 172
8263 145
8264 501
8267 227
8268 511
8271 150
8272 154
8273 154
8275 199
8277 155
8279 386
8282 161
8283 175
8285 248
8286 347
8287 334
8293 275
8295 338
8297 159
8298 181
8301 183
8303 188
8305 189
8306 235
8311 204
8312 175
8313 118
8315 200
8316 144
8319 238
8320 166
8321 234
8322 128
8326 313
8327 302
8328 143
8330 210
8331 168
8333 183
8334 149
8336 179
8337 146
8338 214
8341 177
8346 150
8349 583
8353 348
8357 110
8360 142
8361 193
8362 162
8364 190
8366 175
8367 185
8372 203
8373 137
8374 224
8376 151
8379 231
8383 86
8384 311
8385 209
8386 220
8388 74
8390 189
8400 37
8401 179
8404 318
8405 191
8406 346
8407 219
8409 157
8410 190
8412 180
8413 171
8414 31
8417 152
8418 160
8421 139
8422 655
8423 190
8426 259
8427 254
8429 364
8430 348
8431 206
8433 231
8434 190
8436 170
8438 137
8439 342
8441 177
8443 144
8445 143
8451 255
8454 147
8455 107
8470 309
8472 312
8473 301
8475 97
8477 571
8478 343
8479 191
8480 168
8482 167
8483 257
8492 162
8494 315
8496 247
8497 320
8499 314
8501 307
8505 179
8506 206
8507 340
8509 357
8511 347
8513 197
8514 351
8515 184
8517 346
8518 208
8519 201
8520 168
8522 235
8523 45
8524 189
8525 372
8530 162
8533 276
8534 181
8538 367
8547 167
8549 79
8552 127
8553 164
8554 252
8555 262
8556 179
8557 196
8560 130
8563 337
8564 327
8565 190
8566 328
8568 303
8569 362
8571 157
8577 549
8580 148
8581 411
8582 59
8586 193
8587 161
8591 294
8593 301
8594 51
8595 295
8602 309
8603 185
8604 295
8607 200
8611 211
8612 163
8618 150
8619 259
8621 312
8622 174
8623 313
8624 173
8630 226
8634 167
8636 150
8642 213
8643 287
8645 247
8648 175
8649 187
8653 195
8654 179
8655 531
8656 702
8658 200
8659 720
8663 364
8664 189
8665 180
8667 176
8668 315
8670 653
8671 646
8678 190
8682 162
8683 217
8684 153
8685 253
8686 315
8687 234
8690 196
8691 228
8697 151
8699 118
8700 205
8704 73
8705 441
8707 321
8708 307
8709 189
8711 245
8714 388
8715 165
8718 170
8727 104
8728 187
8732 166
8733 171
8737 695
8751 226
8759 157
8760 297
8762 26
8765 143
8767 569
8769 354
8770 41
8773 190
8774 318
8775 196
8777 290
8780 239
8781 222
8783 182
8785 237
8786 179
8787 147
8788 152
8790 234
8792 28
8793 234
8794 118
8797 342
8798 180
8807 110
8809 391
8810 197
8812 157
8814 212
8815 185
8818 182
8822 259
8823 250
8824 167
8826 313
8828 346
8829 290
8830 299
8833 28
8834 155
8836 310
8838 291
8839 71
8840 184
8843 59
8846 586
8847 257
8848 296
8849 378
8850 202
8851 255
8854 322
8855 313
8859 191
8860 286
8863 199
8864 247
8866 153
8868 200
8872 405
8873 315
8875 339
8881 192
8882 281
8884 383
8885 47
8895 261
8901 188
8903 332
8906 19
8907 176
8908 213
8909 303
8910 171
8912 187
8918 169
8920 278
8921 252
8923 146
8924 195
8926 279
8927 199
8930 112
8932 453
8935 197
8937 194
8938 72
8939 343
8940 324
8941 194
8942 331
8943 187
8944 185
8949 336
8952 226
8954 264
8955 348
8956 289
8958 353
8960 74
8964 194
8965 321
8966 85
8967 328
8970 322
8971 332
8972 269
8976 671
8978 210
8979 458
8982 154
8984 213
8986 181
8991 178
8992 165
8994 149
8995 298
8997 146
8998 255
8999 523
9015 753
9017 71
9018 181
9019 228
9020 150
9022 216
9023 168
9024 20
9025 317
9026 273
9027 325
9031 307
9034 153
9035 303
9039 132
9045 289
9046 474
9051 55
9052 245
9053 110
9054 225
9060 161
9062 309
9067 264
9070 69
9071 216
9072 394
9073 34
9074 178
9077 94
9078 284
9080 284
9081 245
9083 274
9085 240
9087 168
9090 389
9093 283
9096 289
9098 332
9101 331
9107 187
9109 242
9110 285
9113 267
9120 338
9121 185
9126 158
9132 170
9135 212
9138 349
9140 182
9144 178
9148 293
9149 221
9151 204
9156 186
9160 167
9161 192
9162 220
9166 374
9170 262
9172 286
9174 9
9181 301
9182 125
9186 229
9190 176
9191 168
9195 425
9200 533
9203 200
9204 273
9207 33
9208 167
9211 194
9212 31
9215 9
9216 319
9218 346
9220 199
9221 312
9223 72
9226 8
9227 8
9231 292
9233 343
9236 211
9237 218
9239 213
9242 178
9246 217
9247 68
9248 8
9249 254
9250 339
9252 332
9253 515
9255 287
9259 180
9273 244
9274 58
9275 444
9277 174
9278 283
9279 330
9280 418
9282 343
9286 168
9293 189
9295 289
9299 353
9301 95
9303 286
9308 178
9309 298
9311 276
9312 328
9313 296
9315 8
9318 279
9319 225
9320 360
9322 525
9324 337
9325 292
9326 132
9328 185
9329 175
9331 290
9333 13
9337 186
9338 196
9340 33
9341 169
9342 208
9345 301
9346 197
9348 80
9349 179
9350 293
9351 35
9352 81
9353 327
9354 165
9356 329
9360 112
9361 270
9363 352
9364 278
9366 331
9369 4
9371 211
9372 190
9373 206
9374 58
9375 201
9376 318
9377 296
9382 169
9383 59
9384 285
9391 200
9392 384
9393 21
9394 288
9397 295
9398 186
9399 189
9400 191
9401 258
9402 190
9403 175
9404 299
9407 311
9408 239
9409 259
9411 250
9413 259
9419 279
9425 295
9427 340
9428 0
9429 290
9430 118
9431 1
9435 293
9436 700
9438 207
9439 184
9441 319
9442 284
9443 303
9445 237
9448 290
9449 351
9452 167
9454 18
9462 221
9466 292
9471 538
9472 18
9477 258
9478 41
9479 196
9484 285
9486 316
9491 695
9495 56
9498 52
9499 52
9504 317
9506 33
9507 284
9508 293
9511 425
9514 336
9517 29
9518 307
9520 78
9521 283
9523 185
9524 142
9527 438
9529 186
9530 144
9532 187
9533 211
9534 282
9535 66
9537 193
9538 74
9543 336
9545 273
9546 342
9548 284
9549 302
9550 184
9551 309
9554 212
9555 656
9556 269
9560 314
9562 322
9564 278
9565 266
9566 272
9570 186
9571 258
9573 376
9574 302
9575 130
9577 581
9584 222
9588 229
9589 265
9590 288
9591 185
9595 174
9596 465
9599 283
9600 28
9601 275
9602 384
9604 255
9607 92
9608 275
9618 289
9619 122
9620 346
9621 158
9622 261
9624 279
9625 174
9627 180
9628 542
9629 72
9634 296
9635 212
9638 82
9639 24
9640 466
9642 175
9644 170
9646 201
9647 364
9652 32
9653 53
9654 514
9656 525
9658 329
9659 63
9663 213
9664 164
9667 214
9675 252
9683 54
9684 77
9685 292
9693 58
9699 181
9704 361
9705 61
9708 368
9709 232
9713 304
9715 604
9717 201
9721 200
9722 217
9724 263
9729 194
9732 77
9733 189
9735 272
9738 187
9739 220
9749 51
9750 174
9751 300
9753 147
9754 174
9755 300
9758 204
9768 470
9769 272
9770 395
9772 82
9774 214
9776 212
9783 207
9785 250
9786 416
9792 211
9793 53
9796 199
9798 354
9804 455
9806 133
9808 136
9812 326
9813 331
9815 196
9816 366
9818 304
9820 53
9823 176
9830 260
9832 308
9835 166
9838 213
9839 156
9856 207
9859 251
9863 77
9865 305
9866 35
9869 214
9872 223
9874 373
9877 84
9879 189
9881 379
9885 209
9890 213
9891 688
9892 338
9893 205
9897 735
9898 247
9901 384
9902 314
9906 373
9908 199
9911 165
9920 314
9921 91
9923 76
9924 200
9931 215
9933 518
9934 172
9936 243
9937 244
9938 79
9940 201
9941 181
9943 77
9944 382
9945 179
9946 77
9949 343
9951 215
9956 252
9957 342
9958 308
9960 332
9961 184
9962 338
9964 318
9974 271
9981 221
9982 163
9985 84
9987 162
9989 68
9994 195
10002 221
10005 354
10009 154
10023 73
10031 186
10035 220
10047 284
10051 292
10054 276
10055 67
10062 362
10063 202
10074 329
10083 45
10088 220
10094 71
10102 69
10105 30
10106 43
10108 410
10110 423
10115 214
10118 169
10119 409
10127 199
10133 243
10141 211
10143 176
10144 173
10148 173
10149 78
10151 361
10156 46
10158 138
10160 629
10186 174
10187 183
10195 217
10204 599
10208 370
10215 77
10219 349
10228 194
10230 211
10233 294
10237 181
10241 183
10247 266
10249 379
10251 316
10255 209
10262 507
10265 204
10267 290
10269 176
10271 178
10274 90
10277 74
10278 294
10279 74
10287 248
10290 248
10291 200
10292 376
10293 77
10294 199
10301 201
10303 203
10305 277
10309 187
10311 227
10315 190
10321 233
10323 86
10324 644
10329 229
10333 231
10334 256
10336 195
10337 201
10338 215
10340 171
10341 247
10342 224
10353 223
10357 206
10366 434
10373 169
10374 423
10376 217
10378 243
10382 296
10387 163
10389 265
10391 56
10393 253
10398 308
10399 187
10400 197
10401 587
10413 183
10414 390
10415 219
10419 219
10422 236
10424 228
10425 233
10426 203
10427 251
10429 156
10431 747
10434 263
10436 223
10441 232
10442 187
10448 195
10454 545
10457 315
10458 616
10460 304
10463 180
10465 218
10473 300
10474 198
10480 262
10483 224
10486 318
10487 137
10488 233
10489 138
10490 306
10491 310
10494 348
10495 203
10496 352
10497 243
10500 222
10503 208
10505 225
10506 280
10507 220
10509 145
10516 232
10519 220
10521 212
10535 520
10536 329
10537 210
10549 252
10551 348
10555 202
10557 348
10559 210
10567 324
10570 161
10574 318
10577 213
10580 316
10583 267
10588 222
10589 202
10590 199
10591 416
10592 200
10593 231
10602 152
10603 156
10606 259
10608 529
10609 226
10610 151
10616 694
10621 575
10623 318
10631 188
10632 212
10634 214
10640 188
10645 184
10647 183
10652 185
10653 220
10654 187
10656 283
10664 319
10666 253
10678 248
10684 8
10688 691
10690 192
10691 297
10692 680
10695 518
10696 210
10698 304
10699 625
10706 563
10708 769
10710 194
10715 327
10717 284
10723 202
10725 193
10729 687
10734 253
10735 206
10736 150
10740 290
10743 465
10744 149
10748 216
10750 12
10751 194
10754 197
10756 613
10760 196
10769 286
10772 238
10774 316
10776 293
10777 261
10780 788
10781 320
10782 208
10783 294
10785 275
10788 145
10789 301
10795 195
10796 333
10797 289
10798 338
10799 151
10800 344
10802 309
10803 187
10804 155
10805 338
10806 360
10807 345
10810 312
10816 21
10817 20
10828 194
10829 229
10832 38
10835 234
10836 210
10837 200
10839 282
10840 241
10841 198
10843 728
10845 223
10848 200
10850 265
10852 198
10856 290
10859 223
10862 193
10863 473
10864 198
10866 195
10867 210
10869 313
10871 350
10874 737
10875 326
10880 343
10882 189
10883 206
10886 195
10888 188
10889 191
10890 189
10894 231
10895 286
10896 196
10899 235
10901 203
10904 183
10905 284
10907 206
10911 239
10912 194
10917 250
10918 246
10919 699
10920 87
10922 211
10925 288
10926 236
10930 186
10931 932
10932 990
10936 205
10938 210
10943 417
10946 187
10948 88
10949 683
10950 269
10957 466
10962 221
10968 260
10969 187
10970 609
10973 859
10974 205
10977 94
10978 200
10981 220
10985 210
10986 208
10993 288
10994 284
11002 268
11003 189
11011 282
11014 496
11015 223
11019 220
11020 264
11023 198
11024 219
11025 208
11029 205
11030 193
11033 22
11039 182
11040 426
11042 182
11044 182
11048 191
11049 410
11053 203
11054 196
11057 295
11058 201
11060 54
11061 707
11068 199
11071 28
11076 302
11078 200
11081 201
11084 198
11085 194
11086 143
11087 149
11088 194
11091 149
11093 269
11096 309
11097 592
11098 272
11100 146
11101 616
11103 199
11104 472
11105 200
11106 599
11107 994
11108 304
11109 305
11112 410
11113 218
11115 190
11118 187
11121 202
11123 215
11127 208
11128 225
11131 990
11133 597
11134 497
11137 8
11139 611
11140 371
11141 430
11144 191
11145 244
11146 198
11147 257
11148 225
11151 159
11154 209
11155 192
11158 476
11159 223
11163 310
11166 184
11170 375
11172 241
11173 317
11184 151
11190 582
11191 892
11197 201
11200 205
11202 357
11205 197
11207 206
11212 77
11219 792
11222 984
11228 280
11229 437
11231 363
11232 191
11239 203
11241 225
11246 230
11247 365
11254 190
11255 333
11256 335
11259 210
11262 234
11265 580
11269 366
11272 352
11274 359
11276 327
11278 437
11281 190
11284 218
11288 163
11289 166
11292 49
11298 256
11299 200
11306 197
11313 292
11317 252
11320 227
11321 195
11323 214
11330 186
11333 380
11337 192
11349 152
11353 271
11357 76
11360 970
11361 198
11363 549
11365 524
11373 292
11376 151
11377 200
11381 189
11389 216
11390 147
11391 175
11395 174
11396 94
11400 157
11401 157
11403 49
11407 30
11408 30
11429 107
11435 108
11440 415
11441 257
11458 294
11460 318
11463 227
11465 297
11483 234
11484 452
11492 291
11506 227
11527 210
11528 239
11529 289
11531 170
11532 175
11547 317
11549 212
11551 25
11552 321
11554 278
11558 312
11563 251
11569 217
11581 34
11592 270
11595 344
11601 56
11604 332
11607 412
11611 239
11617 318
11620 357
11626 472
11636 318
11638 199
11639 367
11642 281
11646 339
11647 167
11648 244
11649 167
11652 170
11653 167
11661 190
11666 728
11667 277
11669 177
11670 318
11673 176
11674 812
11699 320
11703 317
11709 373
11713 179
11715 266
11717 186
11722 302
11730 324
11731 232
11747 218
11749 311
11762 201
11764 361
11765 196
11766 362
11769 314
11781 298
11785 334
11787 370
11802 715
11811 297
11812 397
11813 326
11815 237
11821 169
11823 288
11824 203
11826 315
11828 213
11831 205
11832 167
11835 279
11839 305
11849 792
11856 530
11857 167
11872 297
11876 213
11877 229
11878 300
11891 308
11892 277
11894 189
11906 308
11908 170
11909 257
11911 273
11912 233
11918 333
11922 360
11929 212
11930 306
11931 251
11933 335
11936 319
11948 200
11953 285
11957 257
11959 185
11961 162
11962 182
11963 438
11965 163
11967 307
11969 208
11976 184
11981 273
11982 220
11990 173
11992 72
11993 304
11997 277
12002 458
12005 211
12011 68
12013 770
12016 251
12017 251
12018 71
12019 288
12020 203
12027 317
12037 595
12057 475
12063 295
12064 172
12067 171
12068 189
12072 334
12081 297
12083 263
12085 932
12086 209
12088 172
12090 225
12092 231
12108 196
12109 307
12112 223
12115 229
12128 297
12145 197
12154 158
12156 287
12164 199
12167 196
12168 220
12171 319
12172 315
12179 294
12184 216
12186 342
12187 203
12195 43
12198 184
12202 312
12203 223
12210 351
12216 514
12218 280
12221 306
12230 291
12240 170
12245 239
12249 303
12254 150
12262 218
12264 210
12285 284
12288 232
12289 582
12290 233
12295 223
12306 239
12308 230
12309 256
12312 814
12313 350
12317 85
12324 216
12325 236
12327 203
12331 199
12336 290
12337 280
12339 281
12346 31
12349 188
12350 699
12352 759
12361 305
12368 374
12369 266
12372 179
12378 175
12384 252
12385 296
12387 173
12391 241
12393 226
12396 180
12404 265
12407 170
12410 172
12412 376
12422 190
12425 221
12427 230
12428 204
12430 234
12431 299
12440 225
12442 214
12448 172
12449 49
12457 78
12467 235
12469 189
12478 229
12480 233
12481 182
12482 229
12485 216
12489 847
12490 144
12492 349
12493 317
12495 265
12503 232
12504 278
12505 230
12507 228
12508 222
12509 147
12515 281
12517 213
12521 305
12526 298
12527 810
12533 161
12536 299
12538 333
12547 311
12550 334
12551 203
12553 258
12558 6
12559 246
12563 377
12564 239
12565 224
12566 223
12568 306
12571 227
12573 236
12575 275
12576 134
12586 293
12592 150
12600 231
12602 240
12603 231
12604 225
12605 105
12609 232
12612 336
12613 341
12614 241
12622 200
12624 371
12625 252
12629 128
12631 182
12634 224
12636 218
12638 310
12643 323
12654 294
12656 283
12658 180
12661 310
12663 219
12665 178
12672 319
12675 249
12676 369
12679 214
12681 825
12683 298
12687 91
12692 179
12693 296
12696 240
12697 184
12699 229
12702 320
12703 299
12705 225
12707 217
12708 280
12710 259
12711 160
12717 938
12719 816
12723 8
12728 195
12729 226
12731 358
12733 363
12734 315
12735 367
12737 315
12742 215
12744 232
12746 294
12749 343
12757 189
12760 739
12761 334
12766 303
12771 249
12779 224
12785 355
12788 221
12791 179
12793 299
12794 322
12797 14
12801 141
12804 306
12807 252
12809 206
12812 239
12814 215
12818 92
12819 240
12820 232
12825 320
12828 178
12833 349
12834 261
12838 319
12839 211
12841 264
12842 416
12845 231
12847 106
12850 303
12867 310
12871 316
12872 220
12875 280
12896 324
12899 720
12905 291
12913 318
12914 318
12915 261
12919 273
12924 302
12926 354
12931 129
12946 224
12947 326
12948 227
12949 202
12951 215
12952 263
12957 201
12959 165
12960 315
12962 106
12964 287
12967 118
12969 240
12972 310
12973 297
12975 133
12980 230
12981 303
12983 258
12984 119
12987 101
12989 175
12990 301
12992 115
12996 273
13000 275
13008 309
13011 307
13016 230
13017 121
13018 334
13020 187
13026 107
13031 251
13032 282
13033 177
13036 279
13041 230
13043 328
13045 117
13047 318
13048 125
13050 121
13056 268
13057 110
13062 255
13063 107
13072 307
13074 201
13077 337
13085 263
13086 364
13089 113
13091 306
13092 307
13094 136
13098 150
13103 281
13106 273
13108 353
13111 875
13121 826
13131 218
13132 195
13133 268
13137 295
13138 328
13141 611
13145 348
13151 191
13157 545
13158 265
13161 142
13168 321
13169 147
13170 115
13171 312
13173 181
13190 896
13195 162
13201 313
13203 407
13204 298
13205 192
13206 204
13208 113
13211 303
13214 221
13217 211
13220 245
13236 136
13247 133
13251 165
13256 323
13258 329
13261 203
13262 290
13264 369
13272 274
13276 284
13285 97
13289 138
13290 200
13292 195
13302 284
13304 214
13316 132
13318 117
13319 357
13321 98
13328 63
13334 328
13346 191
13355 264
13371 342
13373 217
13379 271
13384 327
13385 351
13387 211
13394 191
13400 214
13403 267
13412 189
13423 186
13430 198
13433 351
13434 352
13436 202
13442 191
13445 201
13448 198
13453 302
13456 199
13479 307
13482 294
13488 305
13491 270
13492 268
13497 197
13500 135
13517 176
13519 207
13520 284
13527 434
13533 206
13544 128
13549 276
13559 323
13563 330
13566 112
13568 421
13570 426
13576 241
13585 305
13593 202
13597 342
13600 248
13602 207
13603 424
13605 207
13612 292
13614 197
13619 280
13623 235
13624 237
13626 205
13628 152
13636 198
13639 241
13642 135
13646 302
13650 121
13653 457
13657 363
13659 240
13660 212
13685 200
13690 612
13697 255
13706 230
13713 168
13716 138
13717 215
13718 239
13723 110
13726 107
13728 323
13729 350
13730 205
13731 338
13736 203
13737 219
13739 721
13741 374
13743 208
13757 122
13762 149
13770 202
13772 207
13785 328
13787 208
13794 381
13806 190
13808 336
13822 261
13826 201
13828 217
13831 199
13852 208
13858 207
13859 216
13863 227
13867 421
13868 426
13869 312
13873 352
13876 176
13880 219
13890 292
13891 187
13894 129
13896 197
13903 212
13906 293
13918 421
13920 220
13929 283
13930 294
13931 283
13943 227
13946 150
13947 208
13948 222
13949 268
13952 173
13959 208
13966 238
13970 217
13974 148
13976 128
13979 129
13980 126
13995 298
13996 216
13999 213
14001 219
14006 206
14007 232
14009 203
14038 251
14042 213
14079 298
14086 159
14089 228
14095 223
14097 296
14103 299
14111 289
14117 420
14118 249
14124 203
14126 261
14128 264
14132 325
14144 239
14146 229
14149 285
14152 206
14154 219
14157 238
14165 273
14166 291
14168 215
14169 272
14174 131
14185 326
14190 181
14192 262
14197 148
14203 210
14209 290
14225 253
14236 325
14245 227
14250 220
14260 237
14266 346
14275 248
14286 203
14287 138
14298 196
14299 153
14302 116
14307 219
14308 221
14314 260
14317 300
14320 214
14321 316
14332 235
14339 385
14343 728
14344 910
14363 232
14366 141
14373 184
14382 132
14383 230
14384 220
14386 167
14396 354
14400 301
14408 213
14412 212
14418 183
14421 227
14424 219
14426 274
14427 373
14431 169
14432 184
14435 223
14438 425
14441 413
14442 348
14453 278
14457 215
14462 218
14465 440
14475 276
14480 300
14487 371
14488 396
14496 271
14506 246
14514 352
14518 353
14523 495
14531 292
14541 335
14544 351
14547 219
14551 223
14554 251
14562 220
14564 220
14574 218
14576 224
14583 340
14586 342
14595 316
14597 241
14607 233
14608 229
14609 223
14630 217
14634 218
14646 247
14650 261
14652 220
14721 511
14740 223
14768 170
14776 196
14786 225
14796 224
14800 170
14804 169
14807 197
14818 186
14822 242
14832 233
14836 227
14842 136
14853 239
14869 197
14871 136
14875 225
14877 136
14879 226
14881 173
14884 296
14888 223
14892 192
14893 191
14894 194
14904 229
14907 230
14910 206
14916 235
14918 149
14923 227
14924 224
14926 227
14936 223
14960 428
14963 218
14969 238
14972 220
15004 230
15006 159
15012 220
15026 244
15033 233
15042 217
15048 162
15055 216
15056 300
15064 359
15072 221
15086 239
15087 257
15091 229
15112 248
15114 352
15117 288
15118 234
15121 743
15136 264
15138 274
15139 534
15140 247
15143 297
15159 259
15163 351
15170 229
15205 253
15219 226
15220 228
15221 222
15232 272
15233 238
15236 277
15242 337
15248 253
15258 269
15260 232
15267 504
15268 302
15274 253
15282 170
15284 302
15288 671
15289 368
15291 496
15306 241
15310 144
15311 386
15321 306
15328 228
15343 319
15349 279
15350 195
15353 356
15362 249
15373 256
15375 255
15381 192
15382 207
15383 334
15386 245
15388 297
15390 266
15394 311
15402 259
15406 220
15421 189
15428 276
15432 296
15436 461
15439 354
15446 279
15455 499
15467 211
15469 573
15471 403
15479 489
15480 294
15485 209
15492 211
15493 402
15495 371
15498 212
15500 285
15506 246
15514 245
15534 334
15543 270
15567 256
15572 205
15580 207
15583 226
15586 188
15587 973
15592 276
15593 288
15594 278
15596 430
15603 235
15613 333
15614 667
15615 333
15616 308
15617 307
15621 294
15625 297
15632 256
15644 966
15645 327
15646 365
15650 237
15652 326
15669 361
15680 294
15703 281
15708 178
15711 213
15715 279
15721 255
15723 211
15729 216
15735 252
15739 211
15751 312
15773 211
15774 164
15794 150
15814 228
15834 405
15839 211
15841 248
15848 247
15855 252
15876 246
15886 242
15894 229
15900 373
15904 230
15906 270
15910 166
15912 470
15918 372
15920 289
15926 630
15942 333
15950 323
15952 231
15962 305
15969 221
15972 223
15993 375
15994 257
15999 247
16009 250
16019 242
16031 246
16051 373
16075 303
16077 297
16083 199
16084 705
16085 196
16093 396
16103 219
16104 437
16106 310
16121 286
16122 313
16123 162
16124 170
16132 404
16141 406
16142 318
16143 405
16168 311
16170 478
16173 315
16179 180
16186 303
16195 314
16213 277
16214 213
16217 448
16223 457
16226 161
16230 216
16237 338
16238 214
16243 825
16245 498
16252 403
16254 199
16255 213
16256 234
16260 956
16266 241
16269 183
16273 278
16287 537
16299 256
16300 481
16321 228
16326 746
16332 508
16333 178
16335 537
16345 165
16357 385
16359 351
16364 506
16365 182
16378 317
16381 321
16382 334
16385 287
16398 298
16416 299
16432 397
16436 261
16452 292
16481 187
16493 432
16497 244
16500 214
16512 324
16517 329
16520 262
16537 203
16539 303
16559 515
16571 240
16578 285
16586 297
16587 316
16593 319
16597 365
16601 364
16606 337
16622 368
16626 367
16629 364
16634 376
16635 318
16637 299
16642 236
16652 177
16653 370
16654 287
16658 330
16665 249
16677 316
16680 231
16686 450
16687 254
16689 231
16690 232
16693 207
16694 257
16696 296
16729 182
16735 230
16744 170
16745 170
16746 172
16752 215
16753 300
16768 725
16779 181
16782 791
16788 438
16793 266
16801 235
16819 229
16844 232
16859 316
16862 255
16870 207
16883 355
16907 238
16911 228
16922 300
16925 521
16927 609
16935 292
16937 243
16942 233
16950 460
16951 304
16952 332
16956 366
16976 211
17017 261
17033 461
17034 296
17039 443
17049 196
17051 475
17058 224
17061 244
17064 233
17083 296
17105 450
17109 208
17125 215
17128 185
17135 211
17141 248
17158 236
17162 224
17174 349
17180 347
17185 326
17195 435
17196 443
17208 231
17232 370
17236 304
17253 187
17259 236
17281 397
17283 199
17286 353
17298 208
17302 430
17314 213
17318 268
17320 410
17325 461
17326 401
17348 318
17349 317
17356 422
17362 344
17368 352
17370 410
17371 295
17381 234
17402 233
17408 285
17426 230
17433 345
17440 263
17480 281
17483 351
17486 230
17487 203
17489 244
17497 199
17498 200
17521 338
17529 669
17537 227
17565 200
17575 203
17577 792
17582 306
17586 272
17594 335
17617 220
17619 244
17620 226
17625 199
17633 265
17637 248
17639 239
17643 303
17644 218
17655 252
17656 255
17657 254
17659 264
17664 758
17665 267
17668 239
17687 220
17690 233
17694 232
17697 327
17700 345
17705 273
17709 271
17714 267
17722 359
17724 359
17728 354
17730 354
17740 212
17748 267
17751 223
17752 237
17776 418
17777 336
17794 207
17795 238
17802 272
17814 210
17816 264
17818 272
17821 265
17851 234
17855 317
17856 276
17857 274
17861 232
17862 298
17866 273
17880 276
17883 225
17884 382
17900 247
17907 269
17933 268
17937 239
18048 338
18092 319
18120 377
18194 320
18201 218
18202 328
18203 344
18205 317
18210 330
18215 315
18221 275
18233 320
18234 311
18240 330
18246 454
18247 327
18249 384
18250 326
18299 368
18306 321
18308 321
18350 238
18357 354
18368 413
18369 314
18370 311
18384 370
18399 381
18408 385
18415 333
18437 331
18487 432
18518 325
18521 429
18557 392
18593 344
18608 338
18630 308
18640 354
18651 322
18655 335
18726 315
18744 364
18748 454
18767 341
18777 314
18799 310
18802 386
18806 432
18825 437
18890 414
18922 730
18945 328
18968 411
18969 355
18976 392
19005 247
19008 391
19033 319
19048 346
19084 368
19089 377
19133 325
19175 334
19220 417
19235 354
19266 342
19271 341
19274 433
19307 337
19362 283
19475 348
19529 477
19560 321
19574 334
19579 332
19618 395
19619 328
19626 383
19634 387
19657 421
