0 0
2 1
4 1
49 3
117 12
126 6
172 7
196 7
203 4
241 33
315 7
326 20
331 27
351 21
400 13
406 7
421 28
423 35
425 21
456 53
475 16
484 22
498 41
502 26
503 44
509 11
510 50
552 11
570 10
581 9
587 18
606 16
639 45
653 74
665 23
679 11
689 43
713 116
724 13
738 34
758 71
761 64
805 42
808 27
882 54
901 75
902 49
921 19
935 19
945 16
946 16
950 46
953 45
960 22
963 19
973 21
978 80
999 31
1016 27
1029 64
1051 65
1069 27
1089 22
1098 54
1100 28
1101 24
1107 30
1114 24
1117 28
1137 20
1141 41
1147 22
1152 52
1158 57
1186 54
1187 26
1224 33
1241 53
1269 57
1279 64
1295 73
1304 24
1311 68
1318 22
1319 23
1342 25
1343 24
1349 43
1355 70
1357 31
1362 23
1363 26
1373 51
1377 56
1382 31
1386 63
1402 166
1414 30
1422 54
1440 44
1468 24
1476 26
1478 23
1491 40
1494 24
1506 117
1508 58
1510 78
1513 40
1514 39
1522 27
1535 58
1537 54
1553 48
1555 29
1573 53
1609 45
1615 40
1639 60
1659 55
1671 58
1720 45
1722 32
1746 31
1804 44
1816 86
1830 29
1882 60
1962 72
1986 41
2033 44
2110 34
2227 33
2230 52
2332 48
2349 59
2364 50
2413 46
2490 43
2503 59
2567 87
2574 58
2615 41
2661 87
2688 81
2699 59
2709 62
2745 150
2756 61
2762 93
2774 318
2778 58
2780 95
2781 89
2783 113
2787 59
2790 45
2798 336
2812 108
2814 49
2826 58
2827 58
2828 58
2833 70
2862 110
2864 45
2865 138
2870 66
2872 60
2874 53
2875 53
2889 56
2896 77
2909 62
2912 57
2918 60
2940 72
2941 69
2942 80
2971 66
2977 66
2978 66
2980 66
2981 95
2990 100
3048 75
3062 95
3073 69
3095 80
3096 75
3132 118
3133 57
3139 55
3152 322
3155 73
3170 106
3194 92
3214 68
3274 75
3291 76
3299 82
3323 64
3325 73
3336 115
3363 100
3380 83
3403 174
3418 65
3424 66
3427 222
3438 52
3439 78
3456 69
3476 78
3480 72
3482 52
3501 72
3505 89
3506 100
3537 97
3549 87
3582 59
3633 77
3637 81
3640 100
3663 86
3708 71
3720 72
3724 74
3730 71
3749 85
3769 59
3833 61
3834 224
3836 89
3846 95
3869 78
3889 93
3908 79
3909 79
3916 82
3919 81
3924 67
3925 77
3929 77
3931 82
3937 82
3955 84
3966 85
3969 85
4015 93
4044 85
4047 85
4050 109
4078 87
4089 87
4092 86
4095 86
4120 76
4146 78
4147 75
4169 82
4171 80
4190 80
4200 94
4304 89
4313 90
4326 88
4328 74
4965 3
5054 74
5081 217
5150 31
5152 116
5186 288
5239 8
5253 183
5310 295
5311 295
5323 117
5324 24
5362 114
5400 0
5401 3
5486 143
5639 200
5733 123
5736 277
5757 126
5767 269
5818 366
5878 59
5900 137
5985 373
5986 373
6005 69
6053 171
6060 115
6089 187
6227 238
6269 252
6287 154
6312 181
6382 128
6428 157
6444 163
6561 48
6604 71
6645 40
6706 47
6707 193
6723 63
6730 141
6732 143
6742 40
6752 69
6793 190
6794 164
6799 148
6804 66
6832 63
6840 32
6843 132
6873 147
6880 32
6884 190
6904 115
6920 127
6938 92
6955 53
6990 107
6995 54
6997 53
6998 146
7085 120
7089 124
7109 167
7111 169
7134 122
7208 175
7268 159
7305 118
7316 135
7341 180
7422 173
7509 157
7518 137
7519 137
7535 129
7544 159
7549 156
7576 129
7700 214
7723 156
7754 335
7779 172
7803 223
7844 19
7899 133
7923 36
7936 31
7942 182
7959 9
7979 48
7989 198
7994 200
8001 149
8004 13
8007 149
8009 149
8037 46
8089 137
8099 39
8134 147
8181 58
8208 186
8230 32
8231 44
8301 126
8313 118
8319 204
8331 19
8336 179
8357 110
8383 2
8388 74
8400 37
8426 191
8431 193
8433 204
8455 107
8472 172
8475 76
8483 257
8511 198
8523 45
8549 79
8552 121
8554 174
8557 118
8566 190
8582 56
8594 52
8607 201
8619 191
8678 190
8686 313
8699 118
8704 73
8751 152
8762 26
8770 42
8775 196
8792 28
8807 110
8814 170
8833 28
8839 71
8843 59
8850 102
8864 175
8885 66
8906 20
8932 126
8938 72
8943 184
8952 225
8966 84
8978 211
8979 238
9017 66
9022 14
9024 17
9035 296
9046 118
9051 68
9053 110
9070 13
9073 65
9077 57
9109 10
9113 201
9135 212
9140 182
9144 176
9151 205
9156 174
9162 189
9174 10
9207 35
9212 20
9215 9
9223 33
9226 8
9227 8
9239 17
9247 84
9248 7
9249 205
9274 58
9277 174
9279 329
9280 404
9301 58
9308 177
9315 43
9337 186
9338 196
9340 33
9342 196
9348 81
9351 35
9352 81
9366 324
9369 4
9374 60
9383 60
9393 21
9394 189
9400 180
9409 254
9428 0
9431 1
9435 199
9436 206
9454 18
9462 14
9472 19
9478 40
9486 317
9491 35
9495 56
9498 52
9499 52
9506 58
9517 30
9521 26
9535 68
9537 193
9538 20
9550 183
9554 210
9555 61
9590 161
9600 28
9607 92
9629 73
9638 79
9639 21
9652 33
9653 53
9659 64
9663 179
9683 55
9684 105
9693 58
9705 61
9721 200
9732 74
9749 51
9772 83
9776 187
9792 211
9793 53
9798 189
9820 53
9856 207
9863 76
9866 35
9877 86
9891 245
9920 315
9921 84
9923 78
9937 244
9938 75
9943 76
9945 179
9946 73
9985 81
9989 69
10023 72
10055 65
10063 202
10083 45
10094 72
10102 69
10106 72
10115 203
10118 169
10143 173
10144 173
10149 42
10156 46
10187 183
10215 77
10249 323
10274 89
10277 74
10279 74
10287 202
10290 205
10293 77
10323 76
10333 201
10334 218
10336 195
10341 215
10342 219
10353 205
10378 241
10398 295
10425 169
10441 231
10454 201
10487 148
10491 232
10506 249
10509 157
10516 227
10570 221
10603 154
10606 257
10609 209
10616 241
10684 8
10735 166
10750 12
10772 238
10785 234
10816 22
10817 22
10832 40
10871 297
10920 87
10922 144
10938 210
10948 58
10962 222
10968 172
10974 124
10977 91
10981 197
11033 23
11060 54
11071 25
11100 146
11121 202
11137 13
11145 244
11151 157
11212 78
11255 335
11256 335
11276 327
11292 48
11357 73
11373 292
11396 30
11407 30
11408 30
11429 106
11435 108
11558 313
11581 31
11595 313
11601 56
11667 278
11764 360
11766 358
11769 314
11787 352
11922 305
11965 163
11992 69
12011 68
12013 191
12016 292
12018 68
12154 147
12171 317
12172 317
12195 41
12198 186
12202 313
12210 351
12218 252
12317 85
12368 343
12404 243
12449 50
12457 79
12482 111
12489 291
12521 303
12526 298
12533 134
12536 299
12538 334
12547 266
12586 290
12592 149
12602 302
12665 179
12676 339
12683 103
12687 90
12693 297
12703 300
12711 160
12731 341
12733 341
12757 187
12766 304
12785 298
12818 91
12820 231
12833 351
12834 258
12841 239
12847 106
12871 313
12926 352
12931 107
12951 115
12959 165
12962 107
12967 117
12975 134
12980 231
12987 101
12989 117
12992 116
13008 308
13017 121
13018 334
13026 104
13033 115
13043 102
13045 114
13047 115
13048 124
13050 103
13057 111
13063 108
13085 125
13089 113
13094 134
13098 132
13137 294
13138 326
13141 569
13145 401
13161 143
13168 315
13169 145
13170 115
13173 131
13205 204
13206 204
13208 110
13247 131
13256 321
13285 98
13289 132
13316 132
13318 118
13319 304
13321 99
13328 63
13334 323
13371 403
13373 124
13384 328
13491 244
13492 138
13500 136
13517 169
13544 127
13559 324
13563 331
13566 113
13568 480
13585 303
13597 396
13612 290
13628 152
13636 194
13642 134
13650 121
13653 450
13716 138
13723 104
13726 104
13729 313
13741 356
13757 122
13762 148
13826 175
13831 141
13852 257
13859 188
13876 175
13890 157
13891 104
13894 129
13896 156
13903 175
13918 344
13929 284
13931 283
13946 152
13948 133
13952 234
13974 148
13976 128
13979 125
13980 128
13995 297
14038 248
14086 152
14174 132
14185 325
14197 149
14225 246
14260 237
14275 245
14287 138
14298 193
14299 151
14302 114
14307 215
14314 223
14321 226
14339 431
14366 143
14373 166
14382 131
14386 140
14400 298
14421 227
14427 372
14431 170
14432 226
14487 369
14541 333
14554 242
14583 339
14586 340
14595 237
14652 176
14768 177
14800 170
14804 169
14818 175
14836 272
14842 134
14871 134
14877 134
14881 172
14894 191
14910 204
14918 149
15006 159
15042 246
15048 163
15055 159
15056 297
15064 355
15086 229
15163 212
15232 276
15268 269
15282 168
15288 289
15310 144
15350 192
15353 272
15362 283
15381 189
15421 189
15428 277
15432 293
15446 257
15580 206
15583 174
15586 177
15625 269
15669 281
15680 294
15708 182
15729 278
15773 197
15774 153
15794 150
15839 206
15841 248
15848 248
15876 246
15906 153
15910 166
16083 197
16085 185
16121 186
16123 161
16124 170
16179 178
16214 183
16226 161
16254 197
16266 170
16269 180
16299 255
16321 218
16333 176
16345 165
16365 179
16481 186
16500 205
16537 201
16606 281
16634 235
16652 174
16665 248
16687 245
16689 293
16690 295
16693 203
16729 182
16735 196
16744 168
16745 168
16752 215
16753 298
16779 181
16788 438
16801 210
16819 207
16862 254
16870 207
16911 204
16942 229
16976 208
17017 322
17033 435
17039 283
17049 198
17058 221
17061 244
17064 229
17083 245
17109 206
17125 214
17128 185
17135 210
17141 247
17158 236
17162 223
17208 232
17253 178
17259 236
17283 197
17298 194
17314 203
17318 263
17320 231
17326 215
17381 230
17402 290
17408 258
17426 207
17440 257
17486 224
17487 197
17489 243
17497 198
17498 197
17529 649
17537 227
17575 203
17582 283
17586 272
17617 220
17619 219
17620 226
17625 199
17633 266
17637 217
17639 207
17644 218
17655 214
17656 223
17657 224
17659 223
17664 582
17665 290
17668 218
17687 226
17694 227
17714 268
17748 267
17751 204
17752 230
17794 204
17795 296
17802 271
17814 211
17816 265
17818 273
17821 265
17851 240
17855 316
17856 274
17857 274
17861 233
17862 279
17866 273
17880 276
17883 225
17900 225
17933 266
17937 224
18201 218
18250 220
18350 224
18370 311
18630 352
19005 245
19362 305
19560 322
