0 -104535
500 -104035
1500 -103035
1600 -102935
1600 -102935
12000 -92535
14000 -90535
901.961 -103633
12500 -92035
58000 -46535
31000 -73535
11000 -93535
70000 -34535
5846.15 -98688.9
9111.11 -95423.9
14000 -90535
88000 -16535
10000 -94535
12000 -92535
32666.7 -71868.3
100000 -4535
854.839 -103680
16857.1 -87677.9
15250 -89285
32000 -72535
5000 -99535
16750 -87785
17750 -86785
40500 -64035
24285.7 -80249.3
6769.23 -97765.8
31000 -73535
27142.9 -77392.1
41600 -62935
22400 -82135
12555.6 -91979.4
25777.8 -78757.2
12315.8 -92219.2
21818.2 -82716.8
10080 -94455
443.281 -104092
18428.6 -86106.4
32500 -72035
44666.7 -59868.3
34250 -70285
7885.71 -96649.3
1761.01 -102774
8171.43 -96363.6
3388.24 -101147
58400 -46135
17647.1 -86887.9
692.308 -103843
22000 -82535
618.11 -103917
657.143 -103878
47714.3 -56820.7
49142.9 -55392.1
1267.4 -103268
656.604 -103878
3763.44 -100772
647.059 -103888
666.667 -103868
39555.6 -64979.4
40222.2 -64312.8
52000 -52535
52857.1 -51677.9
31500 -73035
54285.7 -50249.3
393.814 -104141
96500 -8035
43333.3 -61201.7
49000 -55535
49500 -55035
66333.3 -38201.7
134000 29465
50750 -53785
4265.31 -100270
10974.4 -93560.6
14965.5 -89569.5
21900 -82635
6984.13 -97550.9
13515.2 -91019.8
112500 7965
25222.2 -79312.8
50666.7 -53868.3
116000 11465
849.365 -103686
59750 -44785
5670.59 -98864.4
16200 -88335
10888.9 -93646.1
70571.4 -33963.6
62250 -42285
20320 -84215
34533.3 -70001.7
58666.7 -45868.3
998.124 -103537
5912.09 -98622.9
2797.93 -101737
24727.3 -79807.7
13650 -90885
28947.4 -75587.6
50181.8 -54353.2
46166.7 -58368.3
15885.7 -88649.3
6564.71 -97970.3
25636.4 -78898.6
7350.65 -97184.4
8231.88 -96303.1
1184.27 -103351
114800 10265
1184.43 -103351
36250 -68285
7710.53 -96824.5
45230.8 -59304.2
39333.3 -65201.7
66000 -38535
17647.1 -86887.9
86571.4 -17963.6
9650.79 -94884.2
13063.8 -91471.2
61600 -42935
47538.5 -56996.5
7232.56 -97302.4
52166.7 -52368.3
69777.8 -34757.2
78750 -25785
20387.1 -84147.9
21133.3 -83401.7
70666.7 -33868.3
20000 -84535
19575.8 -84959.2
64800 -39735
26080 -78455
32700 -71835
13120 -91415
9068.49 -95466.5
27916.7 -76618.3
19823.5 -84711.5
37555.6 -66979.4
48428.6 -56106.4
45466.7 -59068.3
85750 -18785
23724.1 -80810.9
86250 -18285
7863.64 -96671.4
7154.64 -97380.4
87000 -17535
1032.54 -103502
21875 -82660
9116.88 -95418.1
50285.7 -54249.3
19081.1 -85453.9
32181.8 -72353.2
28480 -76055
23933.3 -80601.7
19459.5 -85075.5
7702.13 -96832.9
12166.7 -92368.3
21588.2 -82946.8
10222.2 -94312.8
21200 -83335
93000 -11535
23312.5 -81222.5
75000 -29535
107714 3179
38100 -66435
47750 -56785
36571.4 -67963.6
55000 -49535
22705.9 -81829.1
86000 -18535
22571.4 -81963.6
46588.2 -57946.8
26533.3 -78001.7
57000 -47535
114286 9751
116000 11465
11305.6 -93229.4
68000 -36535
26580.6 -77954.4
21736.8 -82798.2
82800 -21735
59857.1 -44677.9
76363.6 -28171.4
883.526 -103651
3411.29 -101124
12142.9 -92392.1
77454.5 -27080.5
85600 -18935
95555.6 -8979.4
11194.8 -93340.2
24742.9 -79792.1
34720 -69815
11756.8 -92778.2
41523.8 -63011.2
97111.1 -7423.9
22000 -82535
63000 -41535
22666.7 -81868.3
1150.65 -103384
29600 -74935
111500 6965
992.231 -103543
69076.9 -35458.1
69692.3 -34842.7
24540.5 -79994.5
13787.9 -90747.1
10022 -94513
26941.2 -77593.8
20909.1 -83625.9
29935.5 -74599.5
963.955 -103571
16456.1 -88078.9
67285.7 -37249.3
1781.13 -102754
18920 -85615
18960 -85575
28787.9 -75747.1
23900 -80635
87454.5 -17080.5
12906.7 -91628.3
1513.18 -103022
41000 -63535
19333.3 -85201.7
36666.7 -67868.3
45181.8 -59353.2
10709.7 -93825.3
15353.8 -89181.2
30424.2 -74110.8
13594.6 -90940.4
112444 7909
48285.7 -56249.3
21659.6 -82875.4
10851.1 -93683.9
14000 -90535
2080.81 -102454
49142.9 -55392.1
45043.5 -59491.5
43250 -61285
5875.71 -98659.3
34733.3 -69801.7
21791.7 -82743.3
26871.8 -77663.2
10824.7 -93710.3
62352.9 -42182.1
35533.3 -69001.7
19709.1 -84825.9
57368.4 -47166.6
21840 -82695
33212.1 -71322.9
44080 -60455
11500 -93035
1280.64 -103254
35125 -69410
31333.3 -73201.7
2329.22 -102206
33411.8 -71123.2
43769.2 -60765.8
114000 9465
114400 9865
47750 -56785
2228.68 -102306
37225.8 -67309.2
68000 -36535
129111 24576
40482.8 -64052.2
24000 -80535
8598.54 -95936.5
18500 -86035
36000 -68535
25956.5 -78578.5
59800 -44735
1258.64 -103276
2503.12 -102032
34457.1 -70077.9
43285.7 -61249.3
57809.5 -46725.5
71529.4 -33005.6
31384.6 -73150.4
12510.2 -92024.8
72352.9 -32182.1
68555.6 -35979.4
14206.9 -90328.1
36411.8 -68123.2
24920 -79615
24076.9 -80458.1
26166.7 -78368.3
1302.28 -103233
24705.9 -79829.1
45142.9 -59392.1
74705.9 -29829.1
26081.6 -78453.4
20062.5 -84472.5
41548.4 -62986.6
47777.8 -56757.2
15069.8 -89465.2
13893.6 -90641.4
42193.5 -62341.5
62571.4 -41963.6
34631.6 -69903.4
39939.4 -64595.6
57652.2 -46882.8
83000 -21535
51153.8 -53381.2
15488.4 -89046.6
55750 -48785
42000 -62535
74777.8 -29757.2
51846.2 -52688.8
79411.8 -25123.2
56333.3 -48201.7
22196.7 -82338.3
32333.3 -72201.7
27795.9 -76739.1
27836.7 -76698.3
75888.9 -28646.1
45600 -58935
14774.2 -89760.8
1460.72 -103074
14978.3 -89556.7
24210.5 -80324.5
72736.8 -31798.2
15795.5 -88739.5
60782.6 -43752.4
45225.8 -59309.2
78000 -26535
15494.5 -89040.5
2800 -101735
2091.45 -102444
15456.5 -89078.5
109538 5003
25927.3 -78607.7
23800 -80735
52963 -51572
65181.8 -39353.2
110615 6080
9958.62 -94576.4
43818.2 -60716.8
85176.5 -19358.5
22212.1 -82322.9
11307.7 -93227.3
6245.76 -98289.2
41000 -63535
70381 -34154
77894.7 -26640.3
46375 -58160
48129 -56406
19710.5 -84824.5
48387.1 -56147.9
24623 -79912
47000 -57535
15852.6 -88682.4
32782.6 -71752.4
27490.9 -77044.1
16127.7 -88407.3
16365.6 -88169.4
16408.6 -88126.4
76400 -28135
16494.6 -88040.4
48000 -56535
42777.8 -61757.2
1892.02 -102643
31551 -72984
2036.79 -102498
17076.9 -87458.1
103733 -802
51933.3 -52601.7
43333.3 -61201.7
41263.2 -63271.8
41315.8 -63219.2
40359 -64176
19949.4 -84585.6
60692.3 -43842.7
58518.5 -46016.5
17010.8 -87524.2
2371.26 -102164
122154 17619
1706.64 -102828
22194.4 -82340.6
64160 -40375
31490.2 -73044.8
100500 -4035
23333.3 -81201.7
48969.7 -55565.3
57785.7 -46749.3
36000 -68535
68000 -36535
78095.2 -26439.8
31692.3 -72842.7
43473.7 -61061.3
30703.7 -73831.3
53548.4 -50986.6
97882.4 -6652.6
45027 -59508
32115.4 -72419.6
37155.6 -67379.4
139667 35132
43025.6 -61509.4
84000 -20535
46722.2 -57812.8
17541.7 -86993.3
48171.4 -56363.6
17831.6 -86703.4
43538.5 -60996.5
60857.1 -43677.9
71250 -33285
45052.6 -59482.4
68560 -35975
20235.3 -84299.7
6063.38 -98471.6
3384.31 -101151
23093.3 -81441.7
3454.18 -101081
20000 -84535
22101.3 -82433.7
87400 -17135
38043.5 -66491.5
3245.84 -101289
20465.1 -84069.9
62928.6 -41606.4
21253 -83282
32145.5 -72389.5
2153.28 -102382
20627.9 -83907.1
18694.7 -85840.3
30135.6 -74399.4
74250 -30285
42476.2 -62058.8
74500 -30035
33811.3 -70723.7
36653.1 -67881.9
78173.9 -26361.1
23402.6 -81132.4
6285.71 -98249.3
30233.3 -74301.7
46717.9 -57817.1
32678.6 -71856.4
23844.2 -80690.8
47230.8 -57304.2
48578.9 -55956.1
61666.7 -42868.3
36313.7 -68221.3
47743.6 -56791.4
47846.2 -56688.8
98315.8 -6219.2
98421.1 -6113.9
38244.9 -66290.1
48256.4 -56278.6
43814 -60721
33157.9 -71377.1
99578.9 -4956.1
49842.1 -54692.9
41217.4 -63317.6
33298.2 -71236.8
42222.2 -62312.8
23775 -80760
19854.2 -84680.8
34690.9 -69844.1
42666.7 -61868.3
37686.3 -66848.7
96300 -8235
33241.4 -71293.6
71481.5 -33053.5
32200 -72335
87909.1 -16625.9
60687.5 -43847.5
92571.4 -11963.6
92666.7 -11868.3
46381 -58154
26351.4 -78183.6
65133.3 -39401.7
22482.8 -82052.2
47756.1 -56778.9
98000 -6535
28463.8 -76071.2
33491.5 -71043.5
2058.09 -102477
33100 -71435
76538.5 -27996.5
73925.9 -30609.1
66600 -37935
30303 -74232
29441.2 -75093.8
42723.4 -61811.6
64903.2 -39631.8
87565.2 -16969.8
37333.3 -67201.7
35614 -68921
32774.2 -71760.8
120235 15700
62181.8 -42353.2
43702.1 -60832.9
73428.6 -31106.4
28985.9 -75549.1
21479.2 -83055.8
64500 -40035
30441.2 -74093.8
62848.5 -41686.5
46222.2 -58312.8
53384.6 -51150.4
53435.9 -51099.1
46355.6 -58179.4
41800 -62735
52300 -52235
38814.8 -65720.2
22847.8 -81687.2
50238.1 -54296.9
55578.9 -48956.1
51609.8 -52925.2
33619 -70916
23108.7 -81426.3
81846.2 -22688.8
22421.1 -82113.9
36793.1 -67741.9
85440 -19095
54820.5 -49714.5
26419.8 -78115.2
53550 -50985
24112.4 -80422.6
2383.17 -102152
25341.2 -79193.8
3996.3 -100539
39381.8 -65153.2
23565.2 -80969.8
144667 40132
25011.5 -79523.5
3794.43 -100741
66181.8 -38353.2
95304.3 -9230.7
24400 -80135
49954.5 -54580.5
62857.1 -41677.9
81555.6 -22979.4
59567.6 -44967.4
84923.1 -19611.9
36866.7 -67668.3
30328.8 -74206.2
2310.42 -102225
36426.2 -68108.8
55600 -48935
63657.1 -40877.9
46458.3 -58076.7
58736.8 -45798.2
33343.3 -71191.7
37898.3 -66636.7
32911.8 -71623.2
40000 -64535
53428.6 -51106.4
51045.5 -53489.5
29631.6 -74903.4
60918.9 -43616.1
83555.6 -20979.4
45160 -59375
72903.2 -31631.8
37082 -67453
37733.3 -66801.7
27975.3 -76559.7
94500 -10035
68787.9 -35747.1
28759.5 -75775.5
24717.4 -79817.6
84296.3 -20238.7
40714.3 -63820.7
24537.6 -79997.4
45680 -58855
36349.2 -68185.8
28675 -75860
34268.7 -70266.3
35353.8 -69181.2
29164.6 -75370.4
27129.4 -77405.6
37836.1 -66698.9
25450.5 -79084.5
51688.9 -52846.1
2458.95 -102076
70848.5 -33686.5
47795.9 -56739.1
63351.4 -41183.6
35697 -68838
52444.4 -52090.6
32833.3 -71701.7
25462.4 -79072.6
37031.2 -67503.8
26355.6 -78179.4
4583.01 -99952
49500 -55035
39633.3 -64901.7
4456.93 -100078
4607.35 -99927.6
4257.14 -100278
56809.5 -47725.5
38548.4 -65986.6
79733.3 -24801.7
53244.4 -51290.6
37468.8 -67066.2
92384.6 -12150.4
48280 -56255
25166.7 -79368.3
120900 16365
69200 -35335
45773.6 -58761.4
93538.5 -10996.5
40600 -63935
90444.4 -14090.6
69942.9 -34592.1
102083 -2452
37151.5 -67383.5
54577.8 -49957.2
51208.3 -53326.7
66540.5 -37994.5
54755.6 -49779.4
66648.6 -37886.4
29381 -75154
79677.4 -24857.6
26404.3 -78130.7
54130.4 -50404.6
56636.4 -47898.6
86137.9 -18397.1
73529.4 -31005.6
26336.8 -78198.2
4552.73 -99982.3
44821.4 -59713.6
86620.7 -17914.3
41966.7 -62568.3
31500 -73035
42813.6 -61721.4
27780.2 -76754.8
47849.1 -56685.9
28840.9 -75694.1
38484.8 -66050.2
66894.7 -37640.3
27354.8 -77180.2
68864.9 -35670.1
82387.1 -22147.9
26625 -77910
27505.4 -77029.6
62487.8 -42047.2
4803.74 -99731.3
50431.4 -54103.6
37852.9 -66682.1
48641.5 -55893.5
58818.2 -45716.8
37000 -67535
76235.3 -28299.7
28505.5 -76029.5
2773.99 -101761
4867.29 -99667.7
33435.9 -71099.1
56739.1 -47795.9
49283 -55252
55617 -48918
65400 -39135
27893.6 -76641.4
55829.8 -48705.2
71027 -33508
49622.6 -54912.4
62666.7 -41868.3
42483.9 -62051.1
5491.67 -99043.3
114696 10161
91103.4 -13431.6
27645.8 -76889.2
57782.6 -46752.4
30597.7 -73937.3
57913 -46622
76228.6 -28306.4
98888.9 -5646.1
53440 -51095
49518.5 -55016.5
74388.9 -30146.1
3449.16 -101086
99333.3 -5201.7
92551.7 -11983.3
35813.3 -68721.7
38956.5 -65578.5
10426.4 -94108.6
81575.8 -22959.2
28062.5 -76472.5
46517.2 -58017.8
62837.2 -41697.8
84500 -20035
45864.4 -58670.6
31882.4 -72652.6
79823.5 -24711.5
30177.8 -74357.2
60488.9 -44046.1
104769 234
29000 -75535
60622.2 -43912.8
31379.3 -73155.7
44064.5 -60470.5
5956.43 -98578.6
50666.7 -53868.3
80529.4 -24005.6
66829.3 -37705.7
57125 -47410
31930.2 -72604.8
45114.8 -59420.2
29612.9 -74922.1
83575.8 -20959.2
138000 33465
61422.2 -43112.8
43968.3 -60566.7
28875 -75660
35113.9 -69421.1
61733.3 -42801.7
81764.7 -22770.3
63227.3 -41307.7
54588.2 -49946.8
5207.48 -99327.5
21461.5 -83073.5
52679.2 -51855.8
79885.7 -24649.3
57142.9 -47392.1
41820.9 -62714.1
15322.4 -89212.6
57510.2 -47024.8
60000 -44535
88187.5 -16347.5
35325 -69210
34913.6 -69621.4
64454.5 -40080.5
30191.5 -74343.5
35550 -68985
86242.4 -18292.6
86484.8 -18050.2
48406.8 -56128.2
46852.5 -57682.5
86848.5 -17686.5
61021.3 -43513.7
63866.7 -40668.3
61276.6 -43258.4
62695.7 -41839.3
31369.6 -73165.4
62782.6 -41752.4
62913 -41622
99931 -4604
29591.8 -74943.2
111615 7080
78486.5 -26048.5
83085.7 -21449.3
57058.8 -47476.2
58280 -46255
58360 -46175
88484.8 -16050.2
5673.79 -98861.2
32555.6 -71979.4
46539.7 -57995.3
56461.5 -48073.5
81611.1 -22923.9
35878 -68657
89212.1 -15322.9
56692.3 -47842.7
95225.8 -9309.2
50965.5 -53569.5
92437.5 -12097.5
61875 -42660
99133.3 -5401.7
41333.3 -63201.7
85142.9 -19392.1
74550 -29985
106643 2108
55333.3 -49201.7
119760 15225
52561.4 -51973.6
61306.1 -43228.9
51827.6 -52707.4
68409.1 -36125.9
30734.7 -73800.3
39142.9 -65392.1
33142.9 -71392.1
34689.7 -69845.3
36829.3 -67705.7
33577.8 -70957.2
53052.6 -51482.4
73804.9 -30730.1
79684.2 -24850.8
34431.8 -70103.2
63208.3 -41326.7
89294.1 -15240.9
38974.4 -65560.6
42250 -62285
57434 -47101
42957.7 -61577.3
50032.8 -54502.2
57698.1 -46836.9
63750 -40785
35651.2 -68883.8
62612.2 -41922.8
55818.2 -48716.8
45880.6 -58654.4
75024.4 -29510.6
23333.3 -81201.7
67043.5 -37491.5
33912.1 -70622.9
85777.8 -18757.2
57259.3 -47275.7
34087.9 -70447.1
58603.8 -45931.2
39367.1 -65167.9
64875 -39660
84486.5 -20048.5
84594.6 -19940.4
65291.7 -39243.3
42378.4 -62156.6
46865.7 -57669.3
60500 -44035
32142.9 -72392.1
92882.4 -11652.6
95757.6 -8777.4
51836.1 -52698.9
55508.8 -49026.2
54586.2 -49948.8
75476.2 -29058.8
57672.7 -46862.3
47373.1 -57161.9
59924.5 -44610.5
64857.1 -39677.9
73953.5 -30581.5
46144.9 -58390.1
47641.8 -56893.2
63880 -40655
58109.1 -46425.9
45042.3 -59492.7
38626.5 -65908.5
71333.3 -33201.7
71377.8 -33157.2
36568.2 -67966.8
74883.7 -29651.3
54711.9 -49823.1
38915.7 -65619.3
85105.3 -19429.7
63451 -41084
60000 -44535
61207.5 -43327.5
104710 175
58142.9 -46392.1
105419 884
54500 -50035
83948.7 -20586.3
71217.4 -33317.6
33449 -71086
63115.4 -41419.6
69914.9 -34620.1
59890.9 -44644.1
76697.7 -27837.3
82750 -21785
6110.7 -98424.3
42538.5 -61996.5
6993.68 -97541.3
57379.3 -47155.7
85435.9 -19099.1
36239.1 -68295.9
57551.7 -46983.3
47070.4 -57464.6
44586.7 -59948.3
108129 3594
88421.1 -16113.9
46109.6 -58425.4
58206.9 -46328.1
70375 -34160
65000 -39535
63849.1 -40685.9
73739.1 -30795.9
77136.4 -27398.6
113267 8732
70875 -33660
77681.8 -26853.2
81428.6 -23106.4
55258.1 -49276.9
87897.4 -16637.6
61392.9 -43142.1
76444.4 -28090.6
101294 -3241
43100 -61435
82285.7 -22249.3
78681.8 -25853.2
51701.5 -52833.5
77377.8 -27157.2
89333.3 -15201.7
96888.9 -7646.1
74255.3 -30279.7
62357.1 -42177.9
16336.4 -88198.6
50811.6 -53723.4
62678.6 -41856.4
6913.39 -97621.6
67615.4 -36919.6
66415.1 -38119.9
23324.5 -81210.5
76608.7 -27926.3
38369.6 -66165.4
40159.1 -64375.9
61000 -43535
69411.8 -35123.2
70880 -33655
84476.2 -20058.8
68384.6 -36150.4
86829.3 -17705.7
6534.8 -98000.2
61551.7 -42983.3
61586.2 -42948.8
48986.3 -55548.7
85190.5 -19344.5
81409.1 -23125.9
76255.3 -28279.7
37768.4 -66766.6
83581.4 -20953.6
50760.6 -53774.4
47473.7 -57061.3
51571.4 -52963.6
84000 -20535
116645 12110
4428.4 -100107
92820.5 -11714.5
84325.6 -20209.4
40311.1 -64223.9
41250 -63285
40809 -63726
57746 -46789
68792.5 -35742.5
48000 -56535
61864.4 -42670.6
79434.8 -25100.2
54626.9 -49908.1
40688.9 -63846.1
69132.1 -35402.9
131000 26465
42744.2 -61790.8
76791.7 -27743.3
72352.9 -32182.1
77041.7 -27493.3
46425 -58110
88571.4 -15963.6
84590.9 -19944.1
112970 8435
55731.3 -48803.7
54144.9 -50390.1
95948.7 -8586.3
96153.8 -8381.2
69518.5 -35016.5
62733.3 -41801.7
76979.6 -27555.4
38571.4 -65963.6
99578.9 -4956.1
43113.6 -61421.4
59312.5 -45222.5
7289.83 -97245.2
108686 4151
52861.1 -51673.9
43793.1 -60741.9
82913 -21622
79500 -25035
53083.3 -51451.7
95650 -8885
41760.9 -62774.1
43704.5 -60830.5
55855.1 -48679.9
78816.3 -25718.7
88045.5 -16489.5
79102 -25433
63573.8 -40961.2
92428.6 -12106.4
71963 -32572
74846.2 -29688.8
74884.6 -29650.4
72148.1 -32386.9
84739.1 -19795.9
39816.3 -64718.7
86888.9 -17646.1
89000 -15535
42652.2 -61882.8
63516.1 -41018.9
85695.7 -18839.3
24345.7 -80189.3
68069 -36466
48790.1 -55744.9
87911.1 -16623.9
94333.3 -10201.7
59164.2 -45370.8
53621.6 -50913.4
96878 -7657
53702.7 -50832.3
62125 -42410
110556 6021
54657.5 -49877.5
41604.2 -62930.8
90818.2 -13716.8
45500 -59035
65000 -39535
56788.7 -47746.3
91772.7 -12762.3
87913 -16622
71017.5 -33517.5
10232.3 -94302.7
109784 5249
94558.1 -9976.9
79843.1 -24691.9
66786.9 -37748.1
83224.5 -21310.5
110270 5735
67016.4 -37518.6
104872 337
89000 -15535
57746.5 -46788.5
80431.4 -24103.6
53298.7 -51236.3
33933.9 -70601.1
73392.9 -31142.1
81058.8 -23476.2
70101.7 -34433.3
82880 -21655
92266.7 -12268.3
81568.6 -22966.4
134258 29723
134516 29981
86916.7 -17618.3
74714.3 -29820.7
51195.1 -53339.9
102439 -2096
123706 19171
53291.1 -51243.9
73894.7 -30640.3
47370.8 -57164.2
114054 9519
89829.8 -14705.2
67142.9 -37392.1
100905 -3630
83137.3 -21397.7
108872 4337
137290 32755
77672.7 -26862.3
133688 29153
46021.5 -58513.5
51000 -53535
29356.2 -75178.8
58081.1 -46453.9
88081.6 -16453.4
61685.7 -42849.3
44536.1 -59998.9
37293.1 -67241.9
70950.8 -33584.2
57733.3 -46801.7
74965.5 -29569.5
79309.1 -25225.9
52047.6 -52487.4
52698.8 -51836.2
68406.2 -36128.8
76947.4 -27587.6
68562.5 -35972.5
65552.2 -38982.8
86156.9 -18378.1
46273.7 -58261.3
25894.1 -78640.9
77263.2 -27271.8
88160 -16375
73533.3 -31001.7
55898.7 -48636.3
70507.9 -34027.1
92625 -11910
63600 -40935
111350 6815
89160 -15375
87451 -17084
89320 -15215
74533.3 -30001.7
114718 10183
77172.4 -27362.6
84641.5 -19893.5
31619.7 -72915.3
84754.7 -19780.3
83333.3 -21201.7
71650.8 -32884.2
115897 11362
80750 -23785
69784.6 -34750.4
75633.3 -28901.7
65171.4 -39363.6
55132.5 -49402.5
95375 -9160
71562.5 -32972.5
71625 -32910
74000 -30535
45445.5 -59089.5
70646.2 -33888.8
70707.7 -33827.3
59792.2 -44742.8
87018.9 -17516.1
75672.1 -28862.9
61573.3 -42961.7
88961.5 -15573.5
7955.33 -96579.7
68147.1 -36387.9
66428.6 -38106.4
99234 -5301
74349.2 -30185.8
57851.9 -46683.1
52155.6 -52379.4
53386.4 -51148.6
60256.4 -44278.6
106955 2420
80067.8 -24467.2
50838.7 -53696.3
72892.3 -31642.7
94920 -9615
73046.2 -31488.8
93137.3 -11397.7
118950 14415
91538.5 -12996.5
78098.4 -26436.6
35303.7 -69231.3
82241.4 -22293.6
76967.7 -27567.3
108682 4147
86981.8 -17553.2
71492.5 -33042.5
85642.9 -18892.1
92384.6 -12150.4
102383 -2152
70823.5 -33711.5
100417 -4118
90981.1 -13553.9
83206.9 -21328.1
84912.3 -19622.7
59097.6 -45437.4
107822 3287
68507 -36028
108222 3687
67694.4 -36840.6
106043 1508
110955 6420
82779.7 -21755.3
108578 4043
67944.4 -36590.6
8873.19 -95661.8
8985.35 -95549.6
91111.1 -13423.9
89636.4 -14898.6
5059.43 -99475.6
69577.5 -34957.5
97019.6 -7515.4
103125 -1410
95307.7 -9227.3
95384.6 -9150.4
82700 -21835
81573.8 -22961.2
110622 6087
113182 8647
71171.4 -33363.6
124650 20115
64779.2 -39755.8
54239.1 -50295.9
79238.1 -25296.9
86310.3 -18224.7
6819.05 -97715.9
59714.3 -44820.7
65168.8 -39366.2
82393.4 -22141.6
51346.9 -53188.1
69944.4 -34590.6
73043.5 -31491.5
72085.7 -32449.3
54301.1 -50233.9
54934.8 -49600.2
72257.1 -32277.9
95509.4 -9025.6
56333.3 -48201.7
92218.2 -12316.8
37036.5 -67498.5
90678.6 -13856.4
77060.6 -27474.4
68756.8 -35778.2
76000 -28535
86339 -18196
98000 -6535
88034.5 -16500.5
94629.6 -9905.4
67500 -37035
52927.8 -51607.2
81714.3 -22820.7
78090.9 -26444.1
77014.9 -27520.1
103280 -1255
79476.9 -25058.1
66282.1 -38252.9
55634.4 -48900.6
101569 -2966
94218.2 -10316.8
63243.9 -41291.1
108125 3590
127024 22489
80246.2 -24288.8
69600 -34935
58044.4 -46490.6
85672.1 -18862.9
67896.1 -36638.9
127561 23026
127902 23367
78358.2 -26176.8
14635.1 -89899.9
77352.9 -27182.1
61255.8 -43279.2
57912.1 -46622.9
72219.2 -32315.8
81230.8 -23304.2
99735.8 -4799.2
78955.2 -25579.8
72547.9 -31987.1
40458 -64077
9746.32 -94788.7
71756.8 -32778.2
74929.6 -29605.4
55437.5 -49097.5
57268.8 -47266.2
9874.07 -94660.9
23839.3 -80695.7
66775 -37760
72270.3 -32264.7
83656.2 -20878.8
9619.39 -94915.6
103231 -1304
59076.9 -45458.1
94386 -10149
9948.24 -94586.8
82830.8 -21704.2
56694.7 -47840.3
8919.01 -95616
91491.5 -13043.5
88655.7 -15879.3
115149 10614
74219.2 -30315.8
86063.5 -18471.5
79823.5 -24711.5
64928.6 -39606.4
101111 -3424
105269 734
36357.6 -68177.4
63172.4 -41362.6
93254.2 -11280.8
83393.9 -21141.1
107961 3426
91866.7 -12668.3
61977.5 -42557.5
87587.3 -16947.7
56367.3 -48167.7
83727.3 -20807.7
115167 10632
82537.3 -21997.7
68296.3 -36238.7
71025.6 -33509.4
21256.7 -83278.3
78253.5 -26281.5
62449.4 -42085.6
57916.7 -46618.3
57937.5 -46597.5
29449.7 -75085.3
80724.6 -23810.4
83194 -21341
69725 -34810
101455 -3080
124089 19554
20275.4 -84259.6
68487.8 -36047.2
57326.5 -47208.5
57387.8 -47147.2
70325 -34210
112560 8025
74131.6 -30403.4
117500 12965
57632.7 -46902.3
122826 18291
99157.9 -5377.1
97482.8 -7052.2
91225.8 -13309.2
80942.9 -23592.1
111137 6602
76621.6 -27913.4
63088.9 -41446.1
71898.7 -32636.3
84895.5 -19639.5
111686 7151
76026.7 -28508.3
69561 -34974
107698 3163
112157 7622
45055.1 -59479.9
59010.3 -45524.7
106037 1502
121872 17337
41521.7 -63013.3
86969.7 -17565.3
94131.1 -10403.9
61763.4 -42771.6
102643 -1892
72784.8 -31750.2
63274.7 -41260.3
50561.4 -53973.6
63494.5 -41040.5
65078.7 -39456.3
75402.6 -29132.4
62537.6 -41997.4
70096.4 -34438.6
47333.3 -57201.7
98711.9 -5823.1
79890.4 -24644.6
62085.1 -42449.9
116800 12265
63565.2 -40969.8
71341.5 -33193.5
47258.1 -57276.9
81555.6 -22979.4
82816.9 -21718.1
85246.4 -19288.6
74481 -30054
75564.1 -28970.9
79864.9 -24670.1
86970.6 -17564.4
48672.1 -55862.9
63212.8 -41322.2
81561.6 -22973.4
85085.7 -19449.3
61443.3 -43091.7
61463.9 -43071.1
75620.3 -28914.7
93437.5 -11097.5
27869.8 -76665.2
92246.2 -12288.8
87130.4 -17404.6
70823.5 -33711.5
84845.1 -19689.9
102271 -2264
82821.9 -21713.1
94593.8 -9941.2
88058 -16477
63395.8 -41139.2
108821 4286
68494.4 -36040.6
81306.7 -23228.3
25898.3 -78636.7
64463.2 -40071.8
83945.2 -20589.8
105690 1155
90382.4 -14152.6
53034.5 -51500.5
83189.2 -21345.8
70965.5 -33569.5
72800 -31735
77375 -27160
83675.7 -20859.3
66021.3 -38513.7
85095.9 -19439.1
85287.7 -19247.3
83360 -21175
67333.3 -37201.7
50112 -54423
109930 5395
63979.6 -40555.4
67462.4 -37072.6
56035.7 -48499.3
114145 9610
57798.2 -46736.8
106847 2312
70898.9 -33636.1
58611.1 -45923.9
79175 -25360
86794.5 -17740.5
66736.8 -37798.2
64857.1 -39677.9
87506.8 -17028.2
110310 5775
88916.7 -15618.3
70637.4 -33897.6
67831.6 -36703.4
85946.7 -18588.3
82769.2 -21765.8
55775.9 -48759.1
87459.5 -17075.5
55844.8 -48690.2
102857 -1678
99876.9 -4658.1
95529.4 -9005.6
101531 -3004
70695.7 -33839.3
101875 -2660
80642 -23893
97701.5 -6833.5
71956 -32579
70000 -34535
73133.3 -31401.7
91444.4 -13090.6
81456.8 -23078.2
104794 259
81876.5 -22658.5
103844 -691
88666.7 -15868.3
45387.8 -59147.2
107935 3400
89280 -15255
77883.7 -26651.3
67260 -37275
122473 17938
78604.7 -25930.3
104062 -473
75422.2 -29112.8
97200 -7335
36989.1 -67545.9
103242 -1293
81166.7 -23368.3
74217.4 -30317.6
81333.3 -23201.7
91146.7 -13388.3
88909.1 -15625.9
72851.1 -31683.9
30327.4 -74207.6
86810.1 -17724.9
74587 -29948
83853.7 -20681.3
88179.5 -16355.5
82963.9 -21571.1
82988 -21547
83132.5 -21402.5
100174 -4361
96083.3 -8451.7
103582 -953
36156.2 -68378.8
71608.2 -32926.8
78112.4 -26422.6
96666.7 -7868.3
128963 24428
98619.7 -5915.3
73726.3 -30808.7
76195.7 -28339.3
71551 -32984
97444.4 -7090.6
84602.4 -19932.6
86790.1 -17744.9
86963 -17572
25228.6 -79306.4
76043 -28492
72183.7 -32351.3
74484.2 -30050.8
93263.2 -11271.8
81586.2 -22948.8
134038 29503
104676 141
80067.4 -24467.6
97643.8 -6891.2
82953.5 -21581.5
86313.3 -18221.7
86337.3 -18197.7
81454.5 -23080.5
86626.5 -17908.5
24304.1 -80230.9
82735.6 -21799.4
84023.3 -20511.7
86071.4 -18463.6
84116.3 -20418.7
76357.9 -28177.1
94337.7 -10197.3
94363.6 -10171.4
100944 -3591
86595.2 -17939.8
72079.2 -32455.8
87759 -16776
75916.7 -28618.3
76821.1 -27713.9
81377.8 -23157.2
85186 -19349
99081.1 -5453.9
11348.8 -93186.2
27447.8 -77087.2
85837.2 -18697.8
9206.98 -95328
121246 16711
67290.9 -37244.1
86186 -18349
95076.9 -9458.1
103333 -1202
77583.3 -26951.7
100811 -3724
102493 -2042
104111 -424
89261.9 -15273.1
101351 -3184
101378 -3157
78187.5 -26347.5
84427 -20108
104417 -118
98973.7 -5561.3
96615.4 -7919.6
125633 21098
100720 -3815
86896.6 -17638.4
65275.9 -39259.1
76565.7 -27969.3
100026 -4509
78412.4 -26122.6
50720 -53815
85528.1 -19006.9
8497.77 -96037.2
100263 -4272
99039 -5496
97794.9 -6740.1
80336.8 -24198.2
13349.7 -91185.3
94321 -10214
13265.2 -91269.8
95700 -8835
23862.9 -80672.1
83282.6 -21252.4
109486 4951
125672 21137
79051.5 -25483.5
83391.3 -21143.7
97164.6 -7370.4
94839.5 -9695.5
89372.1 -15162.9
79299 -25236
98692.3 -5842.7
96275 -8260
92843.4 -11691.6
13304.6 -91230.4
95530.9 -9004.1
82340.4 -22194.6
88000 -16535
94536.6 -9998.4
81684.2 -22850.8
78424.2 -26110.8
84543.5 -19991.5
88431.8 -16103.2
83849.5 -20685.5
96296.3 -8238.7
83063.8 -21471.2
70396.4 -34138.6
98936.7 -5598.3
93071.4 -11463.6
81458.3 -23076.7
89908 -14627
79836.7 -24698.3
99088.6 -5446.4
84193.5 -20341.5
88000 -16535
103079 -1456
82505.3 -22029.7
80081.6 -24453.4
88202.2 -16332.8
84494.6 -20040.4
89340.9 -15194.1
81072.2 -23462.8
82000 -22535
96024.4 -8510.6
109389 4854
80571.4 -23963.6
80612.2 -23922.8
102675 -1860
82395.8 -22139.2
102753 -1782
92023.3 -12511.7
102857 -1678
97827.2 -6707.8
101615 -2920
104342 -193
91172.4 -13362.6
105787 1252
81000 -23535
13335.6 -91199.4
13805.6 -90729.4
87604.4 -16930.6
109288 4753
84957.4 -19577.6
103766 -769
95142.9 -9392.1
86891.3 -17643.7
102538 -1997
103948 -587
101443 -3092
97853.7 -6681.3
83645.8 -20889.2
13951.4 -90583.6
93465.1 -11069.9
85851.1 -18683.9
85893.6 -18641.4
107760 3225
95152.9 -9382.1
98658.5 -5876.5
95223.5 -9311.5
87075.3 -17459.7
72321.4 -32213.6
92340.9 -12194.1
102886 -1649
85705.3 -18829.7
85852.6 -18682.4
91797.8 -12737.2
85166.7 -19368.3
85187.5 -19347.5
95162.8 -9372.2
88064.5 -16470.5
105026 491
14378.9 -90156.1
97690.5 -6844.5
95604.7 -8930.3
91511.1 -13023.9
108421 3886
98166.7 -6368.3
85979.2 -18555.8
107247 2712
94988.5 -9546.5
99662.7 -4872.3
10783.9 -93751.1
104962 427
110587 6052
90173.9 -14361.1
95402.3 -9132.7
14674.9 -89860.1
101683 -2852
102988 -1547
102098 -2437
104750 215
88252.6 -16282.4
96413.8 -8121.2
101108 -3427
90322.6 -14212.4
90446.8 -14088.2
97747.1 -6787.9
88791.7 -15743.3
100494 -4041
100541 -3994
90378.9 -14156.1
93543.5 -10991.5
94593.4 -9941.6
94791.2 -9743.8
92774.2 -11760.8
91829.8 -12705.2
109291 4756
75113 -29422
18305.1 -86229.9
98318.2 -6216.8
116973 12438
97303.4 -7231.6
88464.6 -16070.4
19244.5 -85290.5
19233.1 -85301.9
72894.3 -31640.7
21676.8 -82858.2
21349.9 -83185.1
100638 -3897
44009.1 -60525.9
113435 8900
54618 -49917
85578.9 -18956.1
32909.1 -71625.9
44289.6 -60245.4
17184.7 -87350.3
84581.2 -19953.8
111213 6678
1986000 1881465
101673 -2862
41600 -62935
55488.9 -49046.1
55955.6 -48579.4
48315.8 -56219.2
131273 26738
33766.7 -70768.3
89017.5 -15517.5
46829.5 -57705.5
118326 13791
106021 1486
88000 -16535
111391 6856
82224 -22311
343333 238798
166194 61659
91345.1 -13189.9
106515 1980
22175.6 -82359.4
76770.4 -27764.6
32012.3 -72522.7
21325.2 -83209.8
1309750 1205215
21086.5 -83448.5
20780.2 -83754.8
34660.1 -69874.9
107204 2669
60739.9 -43795.1
22236.3 -82298.7
124306 19771
93522.1 -11012.9
116220 11685
132225 27690
16717.2 -87817.8
56351.1 -48183.9
34592.8 -69942.2
37533.6 -67001.4
204731 100196
443667 339132
125318 20783
46745.6 -57789.4
42672 -61863
125600 21065
47083.7 -57451.3
116196 11661
55450.8 -49084.2
48009 -56526
44464.7 -60070.3
44115.2 -60419.8
49410.1 -55124.9
45829.1 -58705.9
46847.2 -57687.8
14654.8 -89880.2
47330.4 -57204.6
49824.1 -54710.9
48287 -56248
21626.5 -82908.5
85587.3 -18947.7
1080000 975465
3.60067e+06 3496135
18666.7 -85868.3
100296 -4239
44418 -60117
16530.5 -88004.5
78637.7 -25897.3
54552.8 -49982.2
54603 -49932
42897.6 -61637.4
84107.7 -20427.3
71947.4 -32587.6
88354.8 -16180.2
114146 9611
87680 -16855
94517.2 -10017.8
79463.8 -25071.2
74612.2 -29922.8
77267.6 -27267.4
15046.4 -89488.6
44451.6 -60083.4
75129.3 -29405.7
48026.1 -56508.9
81250 -23285
87023.6 -17511.4
93932.2 -10602.8
85984.5 -18550.5
121956 17421
76620.7 -27914.3
24403.5 -80131.5
80172.7 -24362.3
48268.4 -56266.6
24731.7 -79803.3
55356.4 -49178.6
117747 13212
71273.9 -33261.1
62525.1 -42009.9
65497.1 -39037.9
22625 -81910
13361.9 -91173.1
20672.8 -83862.2
20303.2 -84231.8
48913 -55622
80385.7 -24149.3
123824 19289
96341.9 -8193.1
126697 22162
53961.7 -50573.3
47805.1 -56729.9
82365 -22170
85712.1 -18822.9
141450 36915
121720 17185
79188.8 -25346.2
56914.6 -47620.4
96000 -8535
72846.2 -31688.8
81257.1 -23277.9
18390.3 -86144.7
89203.1 -15331.9
125692 21157
79500 -25035
73410.3 -31124.7
93219.5 -11315.5
39287.7 -65247.3
59144.3 -45390.7
24551.3 -79983.7
46338.7 -58196.3
47504.1 -57030.9
92112 -12423
42877.3 -61657.7
45270.6 -59264.4
74974 -29561
76986.7 -27548.3
63213.1 -41321.9
47418 -57117
101596 -2939
105345 810
95785.1 -8749.9
17345.3 -87189.7
123574 19039
124989 20454
129178 24643
86133.3 -18401.7
94552.8 -9982.2
94585.4 -9949.6
93854.8 -10680.2
34557.9 -69977.1
105909 1374
82112.7 -22422.3
48820.1 -55714.9
119122 14587
116760 12225
87804.5 -16730.5
87819.5 -16715.5
26671.2 -77863.8
41580.1 -62954.9
84724.6 -19810.4
25482.6 -79052.4
80301.4 -24233.6
88210.5 -16324.5
123558 19023
199254 94719
92614.2 -11920.8
84647.5 -19887.5
75461.5 -29073.5
75006.4 -29528.6
86691.2 -17843.8
95869.9 -8665.1
16800.6 -87734.4
86131.4 -18403.6
123083 18548
127075 22540
86321.2 -18213.8
129978 25443
128587 24052
96983.6 -7551.4
85753.6 -18781.4
19122.6 -85412.4
71903 -32632
50101.3 -54433.7
121204 16669
121224 16689
92859.4 -11675.6
78223.7 -26311.3
112208 7673
68390.8 -36144.2
72133.3 -32401.7
122845 18310
47130.4 -57404.6
85242.9 -19292.1
89089.6 -15445.4
128409 23874
103913 -622
83706.3 -20828.7
31925.3 -72609.7
93546.9 -10988.1
105053 518
53235.6 -51299.4
91450.4 -13084.6
83277.8 -21257.2
30211.6 -74323.4
26192.1 -78342.9
99983.3 -4551.7
25161.4 -79373.6
88918.5 -15616.5
121273 16738
174058 69523
39133.6 -65401.4
122796 18261
51444.4 -53090.6
120460 15925
21410.3 -83124.7
121838 17303
20461 -84074
52504.3 -52030.7
294585 190050
110862 6327
73695.1 -30839.9
89555.6 -14979.4
100033 -4502
128787 24252
85914.9 -18620.1
103590 -945
18867.8 -85667.2
85450.7 -19084.3
97871 -6664
46335.9 -58199.1
94859.4 -9675.6
104707 172
47850.4 -56684.6
89411.8 -15123.2
43435.7 -61099.3
61746.2 -42788.8
103983 -552
125505 20970
123010 18475
136876 32341
76754.7 -27780.3
137191 32656
97728 -6807
75456.8 -29078.2
105397 862
79402.6 -25132.4
124837 20302
107333 2798
82161.1 -22373.9
97206.3 -7328.7
98000 -6535
47867.2 -56667.8
88884.1 -15650.9
92939.4 -11595.6
92270.7 -12264.3
48156.9 -56378.1
21189.7 -83345.3
105966 1431
66847.8 -37687.2
79883.1 -24651.9
95410.9 -9124.1
126969 22434
29328.6 -75206.4
128333 23798
133957 29422
85006.9 -19528.1
97070.9 -7464.1
97873 -6662
110179 5644
55116.1 -49418.9
66387.1 -38147.9
138787 34252
90852.9 -13682.1
140500 35965
37135.1 -67399.9
126204 21669
21188.4 -83346.6
86587.4 -17947.6
47117.9 -57417.1
99216 -5319
73928.6 -30606.4
115093 10558
100258 -4277
136659 32124
77787.5 -26747.5
52083.7 -52451.3
51676.3 -52858.7
41658.9 -62876.1
82596 -21939
87887.3 -16647.7
131432 26897
104133 -402
12630.3 -91904.7
12619.6 -91915.4
68725.3 -35809.7
64153.8 -40381.2
127694 23159
71125 -33410
139111 34576
145651 41116
116019 11484
126606 22071
67773 -36762
105412 877
111027 6492
99682.5 -4852.5
95893.1 -8641.9
128224 23689
87916.1 -16618.9
79582.3 -24952.7
88563.4 -15971.6
66200 -38335
79144.7 -25390.3
115468 10933
99291.3 -5243.7
81935.1 -22599.9
86452.1 -18082.9
69745.9 -34789.1
31175.3 -73359.7
97922.5 -6612.5
100270 -4265
117019 12484
101152 -3383
111912 7377
99622 -4913
129204 24669
81741.9 -22793.1
20484.7 -84050.3
130825 26290
99156.2 -5378.8
99171.9 -5363.1
99984.3 -4550.7
96961.8 -7573.2
77975.5 -26559.5
91554 -12981
13148.8 -91386.2
110713 6178
48789.3 -55745.7
130041 25506
77248.5 -27286.5
130122 25587
20607.4 -83927.6
102080 -2455
93838.2 -10696.8
99718.8 -4816.2
69391.3 -35143.7
99765.6 -4769.4
134505 29970
134653 30118
113239 8704
99209.3 -5325.7
109419 4884
88331 -16204
76261.9 -28273.1
129455 24920
79652.2 -24882.8
69394.6 -35140.4
52432.7 -52102.3
85086.1 -19448.9
89874.1 -14660.9
79850.9 -24684.1
103710 -825
131265 26730
80000 -24535
96887.2 -7647.8
62260.9 -42274.1
58334.8 -46200.2
60535.2 -43999.8
109288 4753
124077 19542
127782 23247
101685 -2850
74229.9 -30305.1
102524 -2011
115411 10876
130707 26172
68476.2 -36058.8
94481.8 -10053.2
60214 -44321
19013.2 -85521.8
55579.4 -48955.6
133649 29114
71646.4 -32888.6
132367 27832
78168.7 -26366.3
44479.5 -60055.5
64626.9 -39908.1
83819.4 -20715.6
44520.5 -60014.5
63745.1 -40789.9
113113 8578
90361.1 -14173.9
109395 4860
97969.9 -6565.1
89875.9 -14659.1
75779.1 -28755.9
88094.6 -16440.4
63310.7 -41224.3
79609.8 -24925.2
75080.5 -29454.5
136104 31569
97582.1 -6952.9
107213 2678
98375.9 -6159.1
76976.5 -27558.5
94840.6 -9694.4
107328 2793
43799.3 -60735.7
107377 2842
104832 297
118072 13537
104896 361
52262.9 -52272.1
78562.9 -25972.1
184817 80282
122654 18119
123830 19295
126231 21696
125067 20532
23332.1 -81202.9
101062 -3473
93871.4 -10663.6
138358 33823
103512 -1023
81160.5 -23374.5
74727.3 -29807.7
117500 12965
83316.5 -21218.5
134367 29832
96146 -8389
88469.8 -16065.2
108066 3531
123346 18811
57894.7 -46640.3
136103 31568
23124.3 -81410.7
188686 84151
130792 26257
66727.3 -37807.7
119135 14600
51866.7 -52668.3
122537 18002
124906 20371
88872.5 -15662.5
96671.5 -7863.5
122667 18132
110417 5882
111378 6843
108705 4170
57938.9 -46596.1
114448 9913
83509.4 -21025.6
109752 5217
79059.5 -25475.5
139853 35318
156353 51818
94269.5 -10265.5
135694 31159
78270.6 -26264.4
87552.6 -16982.4
22521.2 -82013.8
21645.5 -82889.5
21408.4 -83126.6
51674.4 -52860.6
41538.9 -62996.1
69842.9 -34692.1
106736 2201
175632 71097
127314 22779
96956.5 -7578.5
96273.4 -8261.6
128769 24234
139625 35090
54299.6 -50235.4
56361.3 -48173.7
89480 -15055
104875 340
88913.9 -15621.1
58434.8 -46100.2
103400 -1135
16977.3 -87557.7
33297 -71238
94788.7 -9746.3
84137.5 -20397.5
70492.1 -34042.9
59857.8 -44677.2
88671.1 -15863.9
84792.5 -19742.5
201254 96719
106268 1733
83838.5 -20696.5
13893 -90642
204636 100101
103130 -1405
101594 -2941
78581.4 -25953.6
87225.8 -17309.2
124073 19538
66980.2 -37554.8
106583 2048
80201.2 -24333.8
126710 22175
101955 -2580
116914 12379
114983 10448
123382 18847
92353.7 -12181.3
112215 7680
91140.9 -13394.1
44980.1 -59554.9
56140.5 -48394.5
70404.1 -34130.9
95035 -9500
116171 11636
113300 8765
68676.8 -35858.2
88902 -15633
88337.7 -16197.3
111525 6990
191662 87127
80094.1 -24440.9
60524.4 -44010.6
94625 -9910
53035 -51500
18208.3 -86326.7
71810.5 -32724.5
105783 1248
127551 23016
82751.5 -21783.5
103500 -1035
210215 105680
80400 -24135
112049 7514
414545 310010
127888 23353
62209.1 -42325.9
73602.2 -30932.8
74413 -30122
103742 -793
103773 -762
76177.8 -28357.2
113355 8820
109744 5209
47310.3 -57224.7
138606 34071
140041 35506
58909.9 -45625.1
101689 -2846
85812.5 -18722.5
126000 21465
98171.4 -6363.6
14040.9 -90494.1
88696.8 -15838.2
60849.6 -43685.4
305778 201243
114717 10182
72463.2 -32071.8
90644.7 -13890.3
137800 33265
35704.7 -68830.3
130038 25503
105374 839
113164 8629
103045 -1490
106231 1696
23097 -81438
109635 5100
132846 28311
104742 207
134291 29756
27236.2 -77298.8
106462 1927
104864 329
91695.4 -12839.6
112585 8050
27263.8 -77271.2
111742 7207
69290 -35245
122655 18120
116487 11952
68663.4 -35871.6
149204 44669
62233.2 -42301.8
41681.7 -62853.3
141653 37118
94449 -10086
98496.5 -6038.5
98553.2 -5981.8
78965.9 -25569.1
79440 -25095
93315.4 -11219.6
92720 -11815
262453 157918
87509.4 -17025.6
56340.1 -48194.9
14070.7 -90464.3
71814.4 -32720.6
66371.4 -38163.6
93583.9 -10951.1
75010.8 -29524.2
118339 13804
121443 16908
111744 7209
69870 -34665
88455.7 -16079.3
122632 18097
109234 4699
93852.3 -10682.7
116550 12015
259074 154539
87450 -17085
264038 159503
95863 -8672
98577.5 -5957.5
50541.5 -53993.5
93360 -11175
96593.1 -7941.9
82887.6 -21647.4
65162.8 -39372.2
89820.5 -14714.5
126252 21717
85463.4 -19071.6
89286.6 -15248.4
113984 9449
29791.9 -74743.1
75058.8 -29476.2
34087.4 -70447.6
70949.5 -33585.5
125446 20911
51098.2 -53436.8
51127.3 -53407.7
68634.1 -35900.9
57925.9 -46609.1
109163 4628
101338 -3197
78266.7 -26268.3
118403 13868
99943.3 -4591.7
95270.3 -9264.7
33366.4 -71168.6
119627 15092
114780 10245
100857 -3678
142667 38132
103212 -1323
113152 8617
102536 -1999
69753.7 -34781.3
104132 -403
54268.2 -50266.8
101942 -2593
102725 -1810
111638 7103
96489.8 -8045.2
98513.9 -6021.1
34207.2 -70327.8
107606 3071
88850 -15685
61549.8 -42985.2
124737 20202
61567.1 -42967.9
114726 10191
78175.8 -26359.2
37447.4 -67087.6
96843.5 -7691.5
81360 -23175
116721 12186
86315.2 -18219.8
94331.1 -10203.9
85317.4 -19217.6
109615 5080
130771 26236
65105 -39430
90828 -13707
37044.2 -67490.8
116918 12383
57293.2 -47241.8
115065 10530
116016 11481
76731.2 -27803.8
117000 12465
62666.7 -41868.3
69736.6 -34798.4
110853 6318
84639.1 -19895.9
109206 4671
109221 4686
80915.3 -23619.7
117426 12891
89068.3 -15466.7
119533 14998
56054.7 -48480.3
75936.5 -28598.5
71079.2 -33455.8
128214 23679
45312.3 -59222.7
70788.2 -33746.8
125078 20543
93415.6 -11119.4
97216.2 -7318.8
105824 1289
127416 22881
104348 -187
114397 9862
56980.2 -47554.8
100153 -4382
93675.3 -10859.7
90187.5 -14347.5
125496 20961
106132 1597
110198 5663
24491.5 -80043.5
112062 7527
43812.1 -60722.9
69855.1 -34679.9
115696 11161
96466.7 -8068.3
109667 5132
105679 1144
33215.6 -71319.4
112279 7744
112295 7760
38031.5 -66503.5
122814 18279
115063 10528
79736.3 -24798.7
106073 1538
52100.4 -52434.6
113594 9059
103943 -592
58216 -46319
42314 -62221
46660.3 -57874.7
93935.5 -10599.5
79606.6 -24928.4
23963.8 -80571.2
59028.3 -45506.7
65991 -38544
106467 1932
23463 -81072
23058.5 -81476.5
97986.6 -6548.4
115921 11386
117823 13288
73070 -31465
124923 20388
98783.8 -5751.2
61738.4 -42796.6
102350 -2185
93261.1 -11273.9
97746.7 -6788.3
57984.2 -46550.8
27376.9 -77158.1
82483.1 -22051.9
15093.5 -89441.5
46487.3 -58047.7
82078.2 -22456.8
46062.7 -58472.3
118548 14013
43368.7 -61166.3
27392.9 -77142.1
40986.1 -63548.9
97457 -7078
40434.1 -64100.9
21552 -82983
27466.4 -77068.6
40562 -63973
64305.7 -40229.3
40350.7 -64184.3
77947.1 -26587.9
77957.7 -26577.3
46664.6 -57870.4
57835.3 -46699.7
101724 -2811
101807 -2728
41245.8 -63289.2
45162.1 -59372.9
98466.7 -6068.3
34922 -69613
46753.2 -57781.8
23239 -81296
44800 -59735
49122.9 -55412.1
90748.5 -13786.5
46087.2 -58447.8
102055 -2480
80043.2 -24491.8
88178.6 -16356.4
47034.9 -57500.1
102903 -1632
132339 27804
46763.4 -57771.6
50948.5 -53586.5
139943 35408
45796.3 -58738.7
91042.9 -13492.1
63982.8 -40552.2
100993 -3542
104620 85
97776.3 -6758.7
44238.1 -60296.9
55059.3 -49475.7
81245.9 -23289.1
72556.1 -31978.9
86994.2 -17540.8
103361 -1174
109471 4936
47009.5 -57525.5
74520 -30015
97424.8 -7110.2
90926.8 -13608.2
45748.5 -58786.5
102910 -1625
107381 2846
103667 -868
100878 -3657
41362.9 -63172.1
113152 8617
92234.6 -12300.4
109080 4545
105268 733
97712.4 -6822.6
63147.7 -41387.3
43523.3 -61011.7
102562 -1973
107741 3206
45670.7 -58864.3
40064.2 -64470.8
68456.6 -36078.4
45713.4 -58821.6
59515.9 -45019.1
37426.4 -67108.6
99404 -5131
49708.6 -54826.4
95630.6 -8904.4
95038 -9497
83433.3 -21101.7
17070.5 -87464.5
85920 -18615
103000 -1535
69953.5 -34581.5
104472 -63
97083.9 -7451.1
37069 -67466
47936.3 -56598.7
80946.2 -23588.8
76436.5 -28098.5
108345 3810
50213.3 -54321.7
95961.8 -8573.2
115038 10503
115954 11419
115985 11450
40878 -63657
76202 -28333
109348 4813
103397 -1138
98039 -6496
113534 8999
98064.9 -6470.1
46925.5 -57609.5
55362.6 -49172.4
114515 9980
49110.4 -55424.6
113774 9239
17437.8 -87097.2
113820 9285
102297 -2238
116538 12003
117457 12922
78927.1 -25607.9
107504 2969
108286 3751
103849 -686
76984.8 -27550.2
83351.6 -21183.4
82010.8 -22524.2
115832 11297
77449 -27086
78663.2 -25871.8
48980.6 -55554.4
116831 12296
144686 40151
110101 5566
76747.5 -27787.5
24009.5 -80525.5
107801 3266
43198.9 -61336.1
107872 3337
103497 -1038
114436 9901
84588.9 -19946.1
105944 1409
97820.5 -6714.5
109071 4536
119328 14793
97923.1 -6611.9
102550 -1985
114045 9510
98606.5 -5928.5
72809.5 -31725.5
113319 8784
48913.7 -55621.3
35093.8 -69441.2
110374 5839
44109.2 -60425.8
102347 -2188
100418 -4117
100431 -4104
99792.2 -4742.8
70838.7 -33696.3
116500 11965
87386.4 -17148.6
103986 -549
98679.5 -5855.5
38780.9 -65754.1
26732.6 -77802.4
72300.5 -32234.5
46391.6 -58143.4
74076.9 -30458.1
47415.4 -57119.6
87568.2 -16966.8
113338 8803
115910 11375
26369.2 -78165.8
119597 15062
91337.3 -13197.7
51632.1 -52902.9
111094 6559
79210.3 -25324.7
94195.1 -10339.9
87310.7 -17224.3
105918 1383
78111.1 -26423.9
110529 5994
48666.7 -55868.3
83215.1 -21319.9
88965.5 -15569.5
120953 16418
36361.5 -68173.5
116511 11976
77889.4 -26645.6
96900 -7635
23855.4 -80679.6
46431.1 -58103.9
97547.2 -6987.8
104824 289
52087.2 -52447.8
100181 -4354
111741 7206
104986 451
64750 -39785
111813 7278
93674.7 -10860.3
105810 1275
121531 16996
34727.7 -69807.3
91029.2 -13505.8
48808.8 -55726.2
99859 -4676
107462 2927
101895 -2640
98683.5 -5851.5
28771.2 -75763.8
37133.3 -67401.7
53235.5 -51299.5
100000 -4535
84804.3 -19730.7
64755.2 -39779.8
95182.9 -9352.1
83042.6 -21492.4
98213.8 -6321.2
50727.3 -53807.7
56014.3 -48520.7
61778.7 -42756.3
68872.2 -35662.8
110127 5592
109399 4864
102288 -2247
116806 12271
105074 539
69283.2 -35251.8
98515.7 -6019.3
43396.1 -61138.9
79141.4 -25393.6
108833 4298
51390.2 -53144.8
105919 1384
103828 -707
825684 721149
109720 5185
90206.9 -14328.1
111376 6841
112200 7665
66851.1 -37683.9
109944 5409
69884.4 -34650.6
40035.6 -64499.4
92058.5 -12476.5
102902 -1633
80748.7 -23786.3
104987 452
67913.8 -36621.2
45022.9 -59512.1
110986 6451
53131.3 -51403.7
38325.2 -66209.8
116162 11627
99421.4 -5113.6
46500 -58035
16324 -88211
93645 -10890
123672 19137
104211 -324
78435.6 -26099.4
440167 335632
89536.7 -14998.3
45426.9 -59108.1
111662 7127
75156.4 -29378.6
109421 4886
109434 4899
269017 164482
108726 4191
64569.1 -39965.9
95698.8 -8836.2
106631 2096
94583.3 -9951.7
86874.3 -17660.7
119549 15014
44060.9 -60474.1
82854.2 -21680.8
126286 21751
1.76867e+06 1664135
73713 -30822
95353.3 -9181.7
16363.4 -88171.6
84370.4 -20164.6
47891.9 -56643.1
50958.5 -53576.5
24466.3 -80068.7
81398 -23137
325673 221138
22228.4 -82306.6
24709 -79826
83591.6 -20943.4
82360.8 -22174.2
96265.1 -8269.9
99279.5 -5255.5
78372.5 -26162.5
43467.4 -61067.6
107396 2861
84687.8 -19847.2
1.77867e+06 1674135
54828.8 -49706.2
81704.1 -22830.9
105382 847
117882 13347
93232.6 -11302.4
112224 7689
109945 5410
26565.3 -77969.7
342000 237465
79990 -24545
99888.2 -4646.8
107946 3411
65390.2 -39144.8
126677 22142
95207.1 -9327.9
113324 8789
112545 8010
124791 20256
59651.9 -44883.1
29408.8 -75126.2
100738 -3797
93179.2 -11355.8
93190.8 -11344.2
87630.4 -16904.6
98341.5 -6193.5
92747.1 -11787.9
45988.6 -58546.4
93329.5 -11205.5
101560 -2975
100311 -4224
95574 -8961
51445.9 -53089.1
102917 -1618
48674.7 -55860.3
96202.4 -8332.6
58361 -46174
78115.9 -26419.1
106421 1886
69136.8 -35398.2
111614 7079
98109.1 -6425.9
113231 8696
426263 321728
48960.7 -55574.3
79852.2 -24682.8
63335.9 -41199.1
93734.1 -10800.9
90100 -14435
107457 2922
89657.5 -14877.5
37229.4 -67305.6
26275.1 -78259.9
69123.4 -35411.6
101538 -2997
93919.1 -10615.9
25000 -79535
108387 3852
55684.9 -48850.1
70094.8 -34440.2
110667 6132
60943.8 -43591.2
112234 7699
56930.1 -47604.9
38496.5 -66038.5
56555.6 -47979.4
17385.3 -87149.7
90522.2 -14012.8
105135 600
53274.5 -51260.5
109463 4928
114887 10352
63486.4 -41048.6
44468.7 -60066.3
102038 -2497
114182 9647
61406 -43129
115042 10507
111156 6621
66161.9 -38373.1
53244.3 -51290.7
71414.8 -33120.2
61735.8 -42799.2
218160 113625
43187.3 -61347.7
115380 10845
55924.9 -48610.1
48064.5 -56470.5
108583 4048
118870 14335
99442.4 -5092.6
98867.5 -5667.5
56795.8 -47739.2
88258.1 -16276.9
44493.2 -60041.8
91731.8 -12803.2
129307 24772
71720.5 -32814.5
92813.6 -11721.4
76064.8 -28470.2
93363.6 -11171.4
119101 14566
55911.6 -48623.4
79038.5 -25496.5
92370.8 -12164.2
77566 -26969
80637.3 -23897.7
29589.9 -74945.1
89423.9 -15111.1
514375 409840
382837 278302
77314.6 -27220.4
86261.8 -18273.2
46679.9 -57855.1
76660.5 -27874.5
84543.6 -19991.4
90109.3 -14425.7
87291 -17244
94827.6 -9707.4
97070.6 -7464.4
49873.1 -54661.9
96058.1 -8476.9
113972 9437
32990 -71545
72837 -31698
32360.1 -72174.9
110280 5745
107429 2894
107442 2907
83165.8 -21369.2
106800 2265
42896.4 -61638.6
102882 -1653
94662.9 -9872.1
66814.5 -37720.5
47757.9 -56777.1
49622.8 -54912.2
60312.7 -44222.3
49082.8 -55452.2
104365 -170
91690.6 -12844.4
90721.3 -13813.7
88329.8 -16205.2
87883.6 -16651.4
70689.4 -33845.6
81480.4 -23054.6
94994.3 -9540.7
140898 36363
83150 -21385
115500 10965
69907.6 -34627.4
100241 -4294
71119.7 -33415.3
130031 25496
53201.3 -51333.7
55145.7 -49389.3
116476 11941
79333.3 -25201.7
99178.6 -5356.4
91071 -13464
111866 7331
93139.7 -11395.3
114205 9670
77925.2 -26609.8
94248.6 -10286.4
111280 6745
28641.5 -75893.5
48005.7 -56529.3
151945 47410
117746 13211
86642.5 -17892.5
103235 -1300
88042.1 -16492.9
95611.4 -8923.6
90454.1 -14080.9
82482.8 -22052.2
122234 17699
74767.9 -29767.1
110940 6405
72545.5 -31989.5
194953 90418
53916.4 -50618.6
80239.2 -24295.8
76236.4 -28298.6
226703 122168
88783.1 -15751.9
454054 349519
93865.9 -10669.1
52855.3 -51679.7
88010.5 -16524.5
48589.6 -55945.4
76776.3 -27758.7
107121 2586
88526.3 -16008.7
93466.7 -11068.3
98397.7 -6137.3
542839 438304
110750 6215
105225 690
121165 16630
25716 -78819
88663.2 -15871.8
65065.6 -39469.4
66354.3 -38180.7
46313.2 -58221.8
48448.3 -56086.7
81854.4 -22680.6
73013 -31522
88778.9 -15756.1
99247.1 -5287.9
123182 18647
49350.9 -55184.1
95378.5 -9156.5
117264 12729
118112 13577
66282.4 -38252.6
115020 10485
158037 53502
54822 -49713
54307.7 -50227.3
56299 -48236
174742 70207
29691.8 -74843.2
49434.4 -55100.6
88785.3 -15749.7
100952 -3583
101581 -2954
66015.6 -38519.4
104840 305
53930.2 -50604.8
68793.5 -35741.5
53106.2 -51428.8
54133.8 -50401.2
55381.1 -49153.9
95027.9 -9507.1
82582.5 -21952.5
50041.2 -54493.8
47669.5 -56865.5
49054.8 -55480.2
86426.4 -18108.6
48512.8 -56022.2
92554.3 -11980.7
49231.2 -55303.8
81903.8 -22631.2
84766.2 -19768.8
101429 -3106
72527.7 -32007.3
378800 274265
90201.1 -14333.9
45833.3 -58701.7
105309 774
61833.3 -42701.7
94298.3 -10236.7
46528.6 -58006.4
102359 -2176
216430 111895
134677 30142
104305 -230
67888.9 -36646.1
65305.3 -39229.7
95597.8 -8937.2
87316.3 -17218.7
131692 27157
50819 -53716
52379.2 -52155.8
90157.9 -14377.1
52231.7 -52303.3
56554.5 -47980.5
47342.5 -57192.5
109185 4650
31245.9 -73289.1
115946 11411
41756.7 -62778.3
290915 186380
88974.1 -15560.9
106671 2136
58442.2 -46092.8
57096.3 -47438.7
337020 232485
58271.2 -46263.8
55676.4 -48858.6
93005.4 -11529.6
58332.2 -46202.8
86070 -18465
81620.9 -22914.1
105669 1134
114907 10372
66556 -37979
55262.8 -49272.2
99103.4 -5431.6
55099 -49436
99699.4 -4835.6
76371.7 -28163.3
103401 -1134
115147 10612
81145.5 -23389.5
60230 -44305
70000 -34535
98834.3 -5700.7
92502.7 -12032.3
88748.7 -15786.3
96692.7 -7842.3
32598.9 -71936.1
24661 -79874
86580 -17955
24052.8 -80482.2
47598.9 -56936.1
91682.5 -12852.5
96277.8 -8257.2
98488.6 -6046.4
55034.9 -49500.1
26554.4 -77980.6
26845.2 -77689.8
91347.4 -13187.6
107185 2650
80027.6 -24507.4
113516 8981
68656.1 -35878.9
55149.2 -49385.8
74247.9 -30287.1
88673.5 -15861.5
76236.8 -28298.2
115192 10657
147441 42906
84878 -19657
238466 133931
39478.5 -65056.5
54249.2 -50285.8
56729.6 -47805.4
92158.7 -12376.3
71110.2 -33424.8
44917.5 -59617.5
105636 1101
102565 -1970
167827 63292
93347.6 -11187.4
105205 670
102140 -2395
25142.4 -79392.6
77442.5 -27092.5
111580 7045
58989.9 -45545.1
674000 569465
122587 18052
30815.5 -73719.5
49542.4 -54992.6
427805 323270
92347.4 -12187.6
55182.4 -49352.6
89540.8 -14994.2
60531 -44004
73472.8 -31062.2
79108.1 -25426.9
96516.5 -8018.5
74135 -30400
98167.6 -6367.4
119551 15016
115632 11097
75128.2 -29406.8
628000 523465
75153.8 -29381.2
149051 44516
51444.4 -53090.6
97755.6 -6779.4
160127 55592
45058.8 -59476.2
89441.6 -15093.4
112255 7720
83150.9 -21384.1
95297.3 -9237.7
96901.1 -7633.9
68123.6 -36411.4
70584 -33951
105677 1142
56396.2 -48138.8
51028.9 -53506.1
60889.7 -43645.3
59063.5 -45471.5
630929 526394
113987 9452
57006.5 -47528.5
60742.3 -43792.7
248986 144451
96087 -8448
299763 195228
30191.1 -74343.9
68848.2 -35686.8
59783.8 -44751.2
46820.1 -57714.9
87623.8 -16911.2
69419.6 -35115.4
54993.8 -49541.2
56581.5 -47953.5
92764.4 -11770.6
61958 -42577
89075.4 -15459.6
71773.3 -32761.7
115895 11360
88680 -15855
43812.3 -60722.7
56336.5 -48198.5
52359.9 -52175.1
92510.4 -12024.6
63217.1 -41317.9
46391.6 -58143.4
378085 273550
68160.9 -36374.1
94691.5 -9843.5
53632.5 -50902.5
937474 832939
101216 -3319
83643.2 -20891.8
58805.3 -45729.7
104211 -324
95315.5 -9219.5
105538 1003
64172.7 -40362.3
70801.6 -33733.4
122233 17698
91528.2 -13006.8
63985.7 -40549.3
89718.6 -14816.4
159464 54929
39434.9 -65100.1
90710.7 -13824.3
92134 -12401
248278 143743
52122.4 -52412.6
55185.2 -49349.8
92175.3 -12359.7
54030.2 -50504.8
95647.1 -8887.9
96691.9 -7843.1
53267.9 -51267.1
79221.2 -25313.8
67833.3 -36701.7
51465.5 -53069.5
61979.2 -42555.8
50753.5 -53781.5
242162 137627
92412.4 -12122.6
55856.7 -48678.3
210965 106430
54676.8 -49858.2
55714.3 -48820.7
54042.2 -50492.8
66706.3 -37828.7
26754.1 -77780.9
85504.8 -19030.2
39209.6 -65325.4
116649 12114
84356.8 -20178.2
99292.8 -5242.2
101022 -3513
108994 4459
120725 16190
60369.1 -44165.9
123247 18712
70572.5 -33962.5
34413 -70122
23944.2 -80590.8
254000 149465
99646.4 -4888.6
79114 -25421
120267 15732
83537 -20998
107417 2882
902400 797865
56940.1 -47594.9
66124.5 -38410.5
55550.8 -48984.2
58833.9 -45701.1
118092 13557
59637 -44898
136955 32420
62595.2 -41939.8
38168.8 -66366.2
329127 224592
73893.9 -30641.1
164600 60065
80480 -24055
112547 8012
58653.7 -45881.3
68689.4 -35845.6
262899 158364
83990.7 -20544.3
46050.8 -58484.2
533706 429171
101955 -2580
193128 88593
63929.6 -40605.4
63943.7 -40591.3
74130.6 -30404.4
66299.3 -38235.7
75708.3 -28826.7
108179 3644
46735.2 -57799.8
64261.5 -40273.5
62948.1 -41586.9
54807.2 -49727.8
54990.9 -49544.1
97401.1 -7133.9
75281 -29254
63929.8 -40605.2
68262.2 -36272.8
53964.5 -50570.5
98605.4 -5929.6
115519 10984
107435 2900
86179.2 -18355.8
52366.8 -52168.2
100440 -4095
102742 -1793
62443.7 -42091.3
82796.4 -21738.6
89715.7 -14819.3
98451.6 -6083.4
109701 5166
95427.1 -9107.9
83290.9 -21244.1
49016 -55519
70000 -34535
64139.9 -40395.1
2.03867e+06 1934135
61003.3 -43531.7
146912 42377
80227.1 -24307.9
104432 -103
109417 4882
43270.6 -61264.4
34521.6 -70013.4
92030 -12505
67428.6 -37106.4
558000 453465
110275 5740
94958.8 -9576.2
594323 489788
2.04778e+06 1943245
57780.6 -46754.4
53283.2 -51251.8
92663.3 -11871.7
59109 -45426
256194 151659
2306500 2201965
2306750 2202215
63226 -41309
53836.7 -50698.3
87545 -16990
84743.1 -19791.9
86751.2 -17783.8
103843 -692
85216.6 -19318.4
271971 167436
2312000 2207465
72826.8 -31708.2
54572.3 -49962.7
55734.9 -48800.1
35934 -68601
64494.8 -40040.2
102878 -1657
76008.2 -28526.8
319793 215258
41779.3 -62755.7
106632 2097
65568.9 -38966.1
56236.4 -48298.6
44401.9 -60133.1
54122.4 -50412.6
110548 6013
98338.6 -6196.4
64325.3 -40209.7
52685.6 -51849.4
195811 91276
65055.9 -39479.1
104584 49
62476.5 -42058.5
67471 -37064
56780.5 -47754.5
62925.7 -41609.3
2328750 2224215
66795.7 -37739.3
82835.6 -21699.4
51777.8 -52757.2
35512.4 -69022.6
55335.3 -49199.7
63869.9 -40665.1
141303 36768
100843 -3692
106617 2082
64351.7 -40183.3
1.43585e+06 1331315
100398 -4137
95285.7 -9249.3
566061 461526
110544 6009
89826.9 -14708.1
62093 -42442
94883.2 -9651.8
233700 129165
104458 -77
63822.5 -40712.5
534343 429808
230914 126379
57204.9 -47330.1
113382 8847
56875.4 -47659.6
167143 62608
69340.7 -35194.3
53198.9 -51336.1
67366.9 -37168.1
56592.1 -47942.9
4684500 4579965
88824.6 -15710.4
98652.6 -5882.4
91000 -13535
323241 218706
93283.6 -11251.4
58968.6 -45566.4
63358.1 -41176.9
111030 6495
318068 213533
65852.6 -38682.4
93910 -10625
48916.7 -55618.3
894571 790036
65236.1 -39298.9
63708.5 -40826.5
101054 -3481
99460.3 -5074.7
98429.3 -6105.7
72876 -31659
98968.4 -5566.6
107463 2928
62903 -41632
60495.2 -44039.8
78728 -25807
72656.4 -31878.6
75288 -29247
72687.3 -31847.7
67519.7 -37015.3
63898.3 -40636.7
55452.9 -49082.1
55452.9 -49082.1
65027.6 -39507.4
159831 55296
18862000 18757465
64402.7 -40132.3
26960 -77575
91188.4 -13346.6
102598 -1937
59191.2 -45343.8
66493 -38042
62330 -42205
79704.6 -24830.4
65158.6 -39376.4
53840.5 -50694.5
113198 8663
1.05044e+06 945905
85629 -18906
64835.6 -39699.4
35208.2 -69326.8
1.05244e+06 947905
73465.1 -31069.9
462341 357806
96724.5 -7810.5
66554.4 -37980.6
60038 -44497
27312.2 -77222.8
339107 234572
365308 260773
365346 260811
59962.1 -44572.9
576121 471586
66950.7 -37584.3
64901 -39634
44757.6 -59777.4
56631 -47904
656345 551810
62006.5 -42528.5
244103 139568
67286.2 -37248.8
102951 -1584
134141 29606
43502.3 -61032.7
102462 -2073
132361 27826
101947 -2588
90360.2 -14174.8
67617 -36918
288939 184404
98829 -5706
257784 153249
56803.6 -47731.4
69926.7 -34608.3
55824.6 -48710.4
67239.4 -37295.6
63238.4 -41296.6
103804 -731
61818.8 -42716.2
90132.1 -14402.9
29131.1 -75403.9
71048.3 -33486.7
60891.7 -43643.3
59391.3 -45143.7
68805.8 -35729.2
71917.3 -32617.7
70338.2 -34196.8
102903 -1632
74193.8 -30341.2
50920.2 -53614.8
63404 -41131
147308 42773
32967.3 -71567.7
86342.3 -18192.7
83738 -20797
72369.8 -32165.2
66597.2 -37937.8
103686 -849
110287 5752
41273.1 -63261.9
67837.5 -36697.5
685714 581179
69825.5 -34709.5
50010.4 -54524.6
75325.5 -29209.5
208848 104313
69876.4 -34658.6
66560.6 -37974.4
157689 53154
55606.9 -48928.1
121785 17250
73731.8 -30803.2
68989.2 -35545.8
110632 6097
106967 2432
35527.7 -69007.3
267472 162937
65094.6 -39440.4
90896.2 -13638.8
235073 130538
803250 698715
41373.4 -63161.6
110194 5659
113459 8924
95980.1 -8554.9
53005.5 -51529.5
603250 498715
364264 259729
37564.2 -66970.8
36784.8 -67750.2
58711.2 -45823.8
306635 202100
90732.4 -13802.6
117854 13319
90345.8 -14189.2
76785.7 -27749.3
358630 254095
251532 146997
66335.6 -38199.4
334241 229706
107171 2636
53761.8 -50773.2
318197 213662
52760.9 -51774.1
83698.3 -20836.7
63901.3 -40633.7
32168.9 -72366.1
96686.6 -7848.4
97210 -7325
89603.7 -14931.3
73946.8 -30588.2
100299 -4236
252779 148244
102995 -1540
71580.9 -32954.1
104150 -385
88536.4 -15998.6
382314 277779
112069 7534
65006.7 -39528.3
132694 28159
112115 7580
65033.3 -39501.7
95666.7 -8868.3
41566 -62969
71830.9 -32704.1
49468.4 -55066.6
238341 133806
91345.8 -13189.2
92226.4 -12308.6
94521.7 -10013.3
78280 -26255
47048.1 -57486.9
92815.2 -11719.8
369547 265012
98452.3 -6082.7
55355.9 -49179.1
43094.5 -61440.5
147459 42924
144235 39700
60196.3 -44338.7
59293.1 -45241.9
100153 -4382
53639.3 -50895.7
64592.1 -39942.9
370566 266031
111625 7090
75615.4 -28919.6
63844.2 -40690.8
118494 13959
92375.6 -12159.4
126141 21606
95227.1 -9307.9
78557.8 -25977.2
256182 151647
64688.5 -39846.5
563771 459236
92233.6 -12301.4
88538.1 -15996.9
52943.7 -51591.3
235167 130632
104540 5
52142.5 -52392.5
94593.3 -9941.7
92863.8 -11671.2
28752.9 -75782.1
58532.5 -46002.5
96517.1 -8017.9
26930.6 -77604.4
80145.7 -24389.3
51567.7 -52967.3
63070.1 -41464.9
53115.3 -51419.7
99577.9 -4957.1
120133 15598
63184.7 -41350.3
218044 113509
261132 156597
99240 -5295
92381.4 -12153.6
38351.4 -66183.6
115512 10977
81777.8 -22757.2
81450.8 -23084.2
251595 147060
98905.5 -5629.5
109845 5310
258260 153725
52062.8 -52472.2
111117 6582
258338 153803
58011.7 -46523.3
92567.4 -11967.6
79015.9 -25519.1
58228.1 -46306.9
64662.3 -39872.7
60000 -44535
108272 3737
58946.7 -45588.3
62666.7 -41868.3
73608.9 -30926.1
90325.8 -14209.2
122479 17944
237738 133203
123296 18761
293794 189259
102503 -2032
90515.8 -14019.2
56525.4 -48009.6
129987 25452
274603 170068
107860 3325
91227.3 -13307.7
70753.5 -33781.5
68842.5 -35692.5
72855.1 -31679.9
300149 195614
55591.2 -48943.8
99633.7 -4901.3
61240.1 -43294.9
448133 343598
91709.1 -12825.9
284338 179803
292812 188277
673667 569132
470047 365512
49307.3 -55227.7
47801.4 -56733.6
94532.7 -10002.3
119740 15205
49481.7 -55053.3
101779 -2756
83399.2 -21135.8
96123.2 -8411.8
115261 10726
117272 12737
117318 12783
260231 155696
56238.2 -48296.8
441565 337030
147217 42682
32305.2 -72229.8
117080 12545
111333 6798
93963.1 -10571.9
34070.1 -70464.9
55178.4 -49356.6
265325 160790
58561.6 -45973.4
105443 908
96966.8 -7568.2
69612.2 -34922.8
113116 8581
111923 7388
77045.1 -27489.9
54084.4 -50450.6
64879.7 -39655.3
98134 -6401
40481.3 -64053.7
100637 -3898
70806.9 -33728.1
116693 12158
115404 10869
228311 123776
277757 173222
69918.4 -34616.6
277811 173276
82959.7 -21575.3
82983.9 -21551.1
102910 -1625
54744.7 -49790.3
267351 162816
103457 -1078
102498 -2037
101507 -3028
74404.3 -30130.7
110257 5722
90845.8 -13689.2
108579 4044
88592.3 -15942.7
240070 135535
32062.1 -72472.9
90209.6 -14325.4
89463.2 -15071.8
80734.4 -23800.6
106010 1475
102856 -1679
96167.4 -8367.6
120936 16401
83732.8 -20802.2
92339.3 -12195.7
92852 -11683
100553 -3982
47769.6 -56765.4
122757 18222
49049.6 -55485.4
95631.3 -8903.7
85415.6 -19119.4
70148.6 -34386.4
127448 22913
78407.5 -26127.5
371107 266572
82158.1 -22376.9
67519.5 -37015.5
111219 6684
105584 1049
35437.8 -69097.2
113803 9268
53405.1 -51129.9
95114.2 -9420.8
95150.7 -9384.3
88322 -16213
91438.6 -13096.4
89485 -15050
102719 -1816
83083.7 -21451.3
133705 29170
27927.7 -76607.3
79346 -25189
93596.4 -10938.6
90008.6 -14526.4
111679 7144
107159 2624
38363.3 -66171.7
66393.7 -38141.3
33954.5 -70580.5
68815.8 -35719.2
116256 11721
96009.2 -8525.8
69820 -34715
105798 1263
80000 -24535
93598.2 -10936.8
65949.7 -38585.3
153095 48560
90025.8 -14509.2
152014 47479
68562.1 -35972.9
67683.9 -36851.1
60310.3 -44224.7
103399 -1136
59636.4 -44898.6
86395.1 -18139.9
94594.6 -9940.4
100990 -3545
93377.8 -11157.2
75042.9 -29492.1
95518.2 -9016.8
144952 40417
90655.2 -13879.8
95627.3 -8907.7
99254.7 -5280.3
40519.2 -64015.8
64048.6 -40486.4
100352 -4183
83722.2 -20812.8
60637.9 -43897.1
104505 -30
60672.4 -43862.6
100562 -3973
65228.4 -39306.6
131304 26769
66503.1 -38031.9
99314.6 -5220.4
66962 -37573
79273.4 -25261.6
95387.4 -9147.6
104842 307
106432 1897
50918.3 -53616.7
105920 1385
91714.3 -12820.7
139500 34965
135936 31401
81899.6 -22635.4
40105.9 -64429.1
93885 -10650
140530 35995
30593.7 -73941.3
36942.6 -67592.4
66811.3 -37723.7
113096 8561
100302 -4233
99383.2 -5151.8
113191 8656
115707 11172
116361 11826
115157 10622
96845.5 -7689.5
113947 9412
75307.4 -29227.6
66858.9 -37676.1
84316.2 -20218.8
86112.9 -18422.1
2671000 2566465
30934.9 -73600.1
111354 6819
71993.3 -32541.7
31447.1 -73087.9
41293.4 -63241.6
101867 -2668
70381.6 -34153.4
34236.8 -70298.2
38032 -66503
27849.2 -76685.8
110412 5877
65535.2 -38999.8
75471.8 -29063.2
106168 1633
111140 6605
31234.4 -73300.6
84853.8 -19681.2
104223 -312
143147 38612
74069 -30466
46206.5 -58328.5
144215 39680
99518.5 -5016.5
1.79167e+06 1687135
110835 6300
109178 4643
35093 -69442
109796 5261
75307.7 -29227.3
90521 -14014
68189.9 -36345.1
73556.3 -30978.7
82582.4 -21952.6
27360.4 -77174.6
67381.2 -37153.8
103673 -862
73353.7 -31181.3
78436.4 -26098.6
148800 44265
71687.7 -32847.3
110718 6183
64840.8 -39694.2
74719.7 -29815.3
63893.5 -40641.5
143033 38498
62790.7 -41744.3
69915.9 -34619.1
115540 11005
139406 34871
63934.9 -40600.1
60033.3 -44501.7
62649.3 -41885.7
69294.9 -35240.1
1.0301e+06 925565
1081700 977165
111629 7094
94576.4 -9958.6
570105 465570
92606.8 -11928.2
103200 -1335
108370 3835
76872.3 -27662.7
89958.5 -14576.5
109505 4970
29788.5 -74746.5
97264.6 -7270.4
108480 3945
81886.8 -22648.2
109616 5081
74869 -29666
97390.1 -7144.9
112560 8025
45932.3 -58602.7
109737 5202
111446 6911
103495 -1040
69450.5 -35084.5
62120 -42415
29508.8 -75026.2
66717.8 -37817.2
63440.2 -41094.8
115153 10618
105660 1125
111651 7116
115830 11295
114021 9486
115238 10703
94320.3 -10214.7
76188.8 -28346.2
111184 6649
92757.4 -11777.6
107399 2864
119169 14634
76795.8 -27739.2
105893 1358
91305.4 -13229.6
112495 7960
87336 -17199
88764.2 -15770.8
31241.8 -73293.2
251034 146499
103526 -1009
75868.1 -28666.9
92593.2 -11941.8
117527 12992
23457.1 -81077.9
22084.8 -82450.2
106693 2158
104171 -364
52484.4 -52050.6
117070 12535
248818 144283
32061.5 -72473.5
81412.6 -23122.4
47025.8 -57509.2
99203.6 -5331.4
84369.2 -20165.8
117316 12781
36026.3 -68508.7
25548.3 -78986.7
107063 2528
233553 129018
109780 5245
99827.3 -4707.7
104619 84
105635 1100
76340.3 -28194.7
77422.5 -27112.5
82104.5 -22430.5
116434 11899
78092.2 -26442.8
44411.3 -60123.7
98789.2 -5745.8
100173 -4362
83484.8 -21050.2
111343 6808
100676 -3859
106010 1475
107600 3065
114301 9766
1003000 898465
121308 16773
51831 -52704
121341 16806
121363 16828
115686 11151
53897.6 -50637.4
108897 4362
112796 8261
74962.7 -29572.3
110030 5495
409630 305095
31290 -73245
111236 6701
790786 686251
73351 -31184
110780 6245
110259 5724
111960 7425
114278 9743
155049 50514
148819 44284
114309 9774
148872 44337
82475.8 -22059.2
71818.8 -32716.2
37489.9 -67045.1
81602.9 -22932.1
152055 47520
36042.2 -68492.8
111588 7053
47050.8 -57484.2
111050 6515
37081.8 -67453.2
22348.1 -82186.9
73078.9 -31456.1
72845.9 -31689.1
54204.9 -50330.1
101954 -2581
117000 12465
118909 14374
110109 5574
103470 -1065
106990 2455
98915.6 -5619.4
22486.9 -82048.1
37296.5 -67238.5
44804.8 -59730.2
2784250 2679715
36461.5 -68073.5
60053.9 -44481.1
51818.6 -52716.4
116691 12156
91352.5 -13182.5
112586 8051
86747.1 -17787.9
99093.3 -5441.7
140264 35729
106737 2202
116198 11663
46882.4 -57652.6
100081 -4454
72019.4 -32515.6
121370 16835
59573.3 -44961.7
92713.7 -11821.3
70492.1 -34042.9
148132 43597
38453.6 -66081.4
25091.9 -79443.1
111413 6878
109268 4733
62756.3 -41778.7
113756 9221
108806 4271
291221 186686
28330.8 -76204.2
22808.9 -81726.1
80200 -24335
51391.3 -53143.7
61878.8 -42656.2
117613 13078
110729 6194
99920 -4615
97791.3 -6743.7
61627.4 -42907.6
118463 13928
67597.6 -36937.4
67200 -37335
107229 2694
96256.4 -8278.6
38844.8 -65690.2
61579.2 -42955.8
64045.5 -40489.5
62807.8 -41727.2
68966.4 -35568.6
51615.6 -52919.4
118747 14212
103523 -1012
138503 33968
136012 31477
460898 356363
88265.6 -16269.4
112990 8455
114782 10247
77486.3 -27048.7
89817.5 -14717.5
99735.7 -4799.3
116113 11578
105822 1287
121828 17293
59647.4 -44887.6
118094 13559
149329 44794
83786 -20749
298868 194333
23422.7 -81112.3
114758 10223
41395.3 -63139.7
43377.9 -61157.1
77897.3 -26637.7
150675 46140
113770 9235
120434 15899
105454 919
154966 50431
130183 25648
130977 26442
242468 137933
145223 40688
145236 40701
465429 360894
760467 655932
760533 655998
213626 109091
211759 107224
55132.5 -49402.5
89035 -15500
77945.6 -26589.4
72075.5 -32459.5
100996 -3539
77205.4 -27329.6
98145.3 -6389.7
50814.2 -53720.8
78982.8 -25552.2
101374 -3161
109781 5246
96468.6 -8066.4
79785.5 -24749.5
135659 31124
131794 27259
72851.7 -31683.3
108953 4418
924080 819545
71975.1 -32559.9
83122.3 -21412.7
74089.7 -30445.3
92135.5 -12399.5
106627 2092
681235 576700
85866.7 -18668.3
67412.8 -37122.2
414321 309786
69903.6 -34631.4
56344.7 -48190.3
97163.2 -7371.8
73062.9 -31472.1
65098 -39437
49262.7 -55272.3
73182.4 -31352.6
116965 12430
63427.8 -41107.2
82861.2 -21673.8
68708 -35827
139485 34950
95475.4 -9059.6
139509 34974
137082 32547
139557 35022
122747 18212
32049.5 -72485.5
84238.3 -20296.7
131853 27318
73396.2 -31138.8
132648 28113
28753.7 -75781.3
73118.8 -31416.2
73836 -30699
62782.8 -41752.2
130872 26337
88082.7 -16452.3
125989 21454
77629.1 -26905.9
72407.4 -32127.6
101129 -3406
107771 3236
75556.3 -28978.7
117035 12500
65174.5 -39360.5
120051 15516
65005.5 -39529.5
74961.8 -29573.2
79067.1 -25467.9
70568.9 -33966.1
63713.5 -40821.5
33012.6 -71522.4
79535.4 -24999.6
59506.3 -45028.7
72472.4 -32062.6
99704.6 -4830.4
139893 35358
82104.2 -22430.8
116493 11958
75085.7 -29449.3
111061 6526
115424 10889
141701 37166
84838.7 -19696.3
77632.8 -26902.2
29921.7 -74613.3
44739.6 -59795.4
142000 37465
79946.1 -24588.9
111512 6977
103729 -806
79186.7 -25348.3
77214.3 -27320.7
85862.8 -18672.2
125862 21327
77311.7 -27223.3
140094 35559
92677 -11858
87260.1 -17274.9
102249 -2286
71579.6 -32955.4
66233.3 -38301.7
112538 8003
77973.9 -26561.1
95067.7 -9467.3
71241.8 -33293.2
74833.9 -29701.1
119480 14945
83880.7 -20654.3
93050.6 -11484.4
129286 24751
147667 43132
131451 26916
54625.6 -49909.4
146810 42275
77960.9 -26574.1
115087 10552
130174 25639
87772.9 -16762.1
108927 4392
138613 34078
333111 228576
78901.3 -25633.7
86620.9 -17914.1
52410.5 -52124.5
113791 9256
353265 248730
31202.6 -73332.4
95745 -8790
95753 -8782
338535 234000
83465.3 -21069.7
118424 13889
75880.1 -28654.9
40460.5 -64074.5
50766.3 -53768.7
81783.1 -22751.9
140279 35744
141135 36600
127704 23169
72287.4 -32247.6
81353.5 -23181.5
91885.9 -12649.1
25933.5 -78601.5
115656 11121
140558 36023
107467 2932
104693 158
123551 19016
78886 -25649
108628 4093
105808 1273
81670 -22865
123299 18764
153848 49313
84710.8 -19824.2
122251 17716
124153 19618
110618 6083
76307.2 -28227.8
77282.5 -27252.5
82850.3 -21684.7
112815 8280
71263.2 -33271.8
120069 15534
567209 462674
132587 28052
78217.9 -26317.1
109444 4909
69572.6 -34962.4
47533.1 -57001.9
87271.4 -17263.6
79875.8 -24659.2
84055 -20480
144000 39465
102469 -2066
80851.5 -23683.5
163387 58852
112495 7960
116800 12265
86514.1 -18020.9
105931 1396
42230.2 -62304.8
105494 959
110269 5734
102979 -1556
107026 2491
96164.1 -8370.9
30250.6 -74284.4
70360 -34175
289812 185277
114111 9576
104449 -86
121448 16913
123930 19395
85075.9 -19459.1
88121.4 -16413.6
87822.1 -16712.9
796516 691981
131372 26837
35336.2 -69198.8
32548.1 -71986.9
81055.7 -23479.3
66139 -38396
93000 -11535
138235 33700
141463 36928
98285.7 -6249.3
83682.4 -20852.6
143202 38667
102830 -1705
109673 5138
137733 33198
93615.1 -10919.9
145965 41430
144302 39767
66021.3 -38513.7
130758 26223
112443 7908
108061 3526
121843 17308
106239 1704
83150.5 -21384.5
110578 6043
116280 11745
144744 40209
508122 403587
319410 214875
106102 1567
131947 27412
108978 4443
107124 2589
137154 32619
109013 4478
115602 11067
29490 -75045
173472 68937
71587.4 -32947.6
78820.2 -25714.8
94301.9 -10233.1
107784 3249
89956.8 -14578.2
108739 4204
109711 5176
112685 8150
170190 65655
89074.7 -15460.3
117531 12996
82104.9 -22430.1
84067.1 -20467.9
30930.9 -73604.1
155689 51154
83852.8 -20682.2
75303.3 -29231.7
80688.1 -23846.9
75149.7 -29385.3
123655 19120
97310.1 -7224.9
4186000 4081465
102106 -2429
66647.2 -37887.8
105138 603
112188 7653
112700 8165
82143.8 -22391.2
110758 6223
106551 2016
91454.5 -13080.5
187701 83166
85911.3 -18623.7
167893 63358
109091 4556
105017 482
109117 4582
112036 7501
240095 135560
108698 4163
75071.4 -29463.6
73976.5 -30558.5
104680 145
126220 21685
68053.9 -36481.1
100198 -4337
197328 92793
138802 34267
112804 8269
115927 11392
81535.5 -22999.5
78284.8 -26250.2
86081.6 -18453.4
89441.7 -15093.3
140644 36109
81683.9 -22851.1
115644 11109
142303 37768
79448.3 -25086.7
101807 -2728
68704.6 -35830.4
118495 13960
30741.8 -73793.2
85120.8 -19414.2
278835 174300
141810 37275
85763.5 -18771.5
105800 1265
138011 33476
110908 6373
79387.5 -25147.5
84969.9 -19565.1
112933 8398
117115 12580
90771.4 -13763.6
98146.7 -6388.3
158888 54353
27115.1 -77419.9
31174 -73361
3180750 3076215
130544 26009
112646 8111
71122.9 -33412.1
70154.3 -34380.7
80850.8 -23684.2
69400.5 -35134.5
80869.8 -23665.2
118530 13995
109862 5327
86707.5 -17827.5
74338.2 -30196.8
134995 30460
34533.2 -70001.8
76413.2 -28121.8
84264 -20271
102578 -1957
114098 9563
72028.2 -32506.8
115729 11194
142916 38381
85571.9 -18963.1
79465.8 -25069.2
1.82814e+06 1723605
181574 77039
83686.3 -20848.7
101643 -2892
124359 19824
107213 2678
119200 14665
278652 174117
106825 2290
110517 5982
80156.2 -24378.8
144135 39600
73541.5 -30993.5
98344.8 -6190.2
80489 -24046
121697 17162
97280.3 -7254.7
61740.4 -42794.6
111212 6677
242396 137861
84818.5 -19716.5
83012.9 -21522.1
81462 -23073
117018 12483
91964.3 -12570.7
79604.9 -24930.1
35830.6 -68704.4
88694.2 -15840.8
81213.8 -23321.2
81220.1 -23314.9
98965.5 -5569.5
94644.7 -9890.3
85589.4 -18945.6
73028.2 -31506.8
200481 95946
115589 11054
79429.4 -25105.6
114079 9544
128208 23673
120474 15939
98494.3 -6040.7
128925 24390
157079 52544
82285.7 -22249.3
244566 140031
90341.5 -14193.5
219780 115245
108075 3540
83690.3 -20844.7
87360.3 -17174.7
195113 90578
112870 8335
85683.2 -18851.8
100643 -3892
218218 113683
257168 152633
148446 43911
86312.3 -18222.7
225948 121413
95208.8 -9326.2
94545.5 -9989.5
84194.2 -20340.8
84762.2 -19772.8
113183 8648
215157 110622
77952.1 -26582.9
139251 34716
243477 138942
103833 -702
92425.5 -12109.5
147266 42731
93448 -11087
113400 8865
79530.5 -25004.5
222991 118456
82056.6 -22478.4
208768 104233
215702 111167
97432.8 -7102.2
237400 132865
102447 -2088
244168 139633
85159.6 -19375.4
130090 25555
77608.3 -26926.7
99505.7 -5029.3
71901.1 -32633.9
231664 127129
85562.1 -18972.9
85289.9 -19245.1
192559 88024
174640 70105
93259.8 -11275.2
96014.7 -8520.3
74266.3 -30268.7
29968 -74567
31770 -72765
120468 15933
134687 30152
98007.5 -6527.5
89064.4 -15470.6
80109.8 -24425.2
43014.7 -61520.3
75546 -28989
137707 33172
48282.6 -56252.4
99305.7 -5229.3
185366 80831
82043.6 -22491.4
179170 74635
229043 124508
84429.5 -20105.5
145558 41023
29442 -75093
162901 58366
84351.4 -20183.6
64879.6 -39655.4
88617.4 -15917.6
137552 33017
129471 24936
233770 129235
87201.3 -17333.7
119584 15049
125280 20745
107918 3383
194647 90112
199203 94668
160618 56083
82080.5 -22454.5
80595.7 -23939.3
130650 26115
91462.1 -13072.9
71891.6 -32643.4
96875.9 -7659.1
93493 -11042
273918 169383
192594 88059
132900 28365
136328 31793
93676.1 -10858.9
124336 19801
201758 97223
227658 123123
74616.2 -29918.8
271857 167322
423111 318576
81304.9 -23230.1
139749 35214
101174 -3361
78193 -26342
123253 18718
98738 -5797
81859.3 -22675.7
76267.8 -28267.2
126891 22356
140251 35716
125234 20699
100397 -4138
141926 37391
144333 39798
135657 31122
76541.3 -27993.7
76329.5 -28205.5
133030 28495
140754 36219
133781 29246
135838 31303
89092.7 -15442.3
135236 30701
87811.1 -16723.9
91714.3 -12820.7
88445.9 -16089.1
99933.3 -4601.7
100687 -3848
137025 32490
200000 95465
153602 49067
130618 26083
95211.3 -9323.7
62336.4 -42198.6
131388 26853
211625 107090
98181.2 -6353.8
83956.7 -20578.3
82200 -22335
242250 137715
64456.1 -40078.9
63708.9 -40826.1
112664 8129
89082 -15453
134584 30049
79514.6 -25020.4
109677 5142
131420 26885
64165.1 -40369.9
131449 26914
93232.9 -11302.1
138213 33678
97278.6 -7256.4
115940 11405
114970 10435
132937 28402
179316 74781
137737 33202
113187 8652
202104 97569
90370.9 -14164.1
225620 121085
59750.5 -44784.5
75245.2 -29289.8
113825 9290
128868 24333
136850 32315
44738.6 -59796.4
107427 2892
119183 14648
163250 58715
198783 94248
127600 23065
114795 10260
249509 144974
256561 152026
85003.1 -19531.9
78451.4 -26083.6
133951 29416
81248.5 -23286.5
135330 30795
125452 20917
38111 -66424
73481.3 -31053.7
132144 27609
225525 120990
184725 80190
136337 31802
133063 28528
84054.9 -20480.1
132567 28032
72409.4 -32125.6
145326 40791
82190.5 -22344.5
105916 1381
137572 33037
127447 22912
139005 34470
133192 28657
133894 29359
128324 23789
122141 17606
65876.5 -38658.5
65108 -39427
88903.8 -15631.2
78823.9 -25711.1
157682 53147
126758 22223
95137 -9398
148567 44032
215411 110876
141076 36541
131160 26625
94921.5 -9613.5
66118.8 -38416.2
126545 22010
98438.2 -6096.8
94761.9 -9773.1
98452.3 -6082.7
122846 18311
185947 81412
134106 29571
125658 21123
104097 -438
161295 56760
134221 29686
117361 12826
128756 24221
188838 84303
218375 113840
216729 112194
221905 117370
93926.2 -10608.8
129593 25058
131446 26911
127863 23328
135981 31446
120750 16215
138020 33485
111857 7322
131850 27315
94489.9 -10045.1
177182 72647
123588 19053
126413 21878
95250 -9285
94334.4 -10200.6
97654 -6881
67223.8 -37311.2
113398 8863
139153 34618
108245 3710
107030 2495
86966.2 -17568.8
118360 13825
123546 19011
99291.2 -5243.8
137398 32863
129260 24725
118966 14431
103773 -762
97360.8 -7174.2
131795 27260
104184 -351
216397 111862
87024.5 -17510.5
156796 52261
108336 3801
191851 87316
135267 30732
97993.1 -6541.9
112451 7916
87606.2 -16928.8
125507 20972
129545 25010
120338 15803
82462.4 -22072.6
115121 10586
140749 36214
207058 102523
145898 41363
186915 82380
246586 142051
130658 26123
129484 24949
110108 5573
95446.7 -9088.3
133832 29297
90639.2 -13895.8
121974 17439
74488.3 -30046.7
39403.8 -65131.2
31525.3 -73009.7
123819 19284
203773 99238
156228 51693
217909 113374
125070 20535
130764 26229
172287 67752
81333.3 -23201.7
95681.1 -8853.9
135286 30751
135962 31427
157574 53039
127057 22522
131726 27191
105299 764
77356.6 -27178.4
170781 66246
156870 52335
129462 24927
67943.5 -36591.5
69932.2 -34602.8
83000 -21535
103978 -557
134484 29949
132679 28144
65750 -38785
104891 356
96533.3 -8001.7
78097 -26438
73171.7 -31363.3
106982 2447
117935 13400
82465.9 -22069.1
82255 -22280
58678.8 -45856.2
99527.4 -5007.6
86811.9 -17723.1
82871.8 -21663.2
132849 28314
130502 25967
115968 11433
132382 27847
132400 27865
133706 29171
130143 25608
85782.4 -18752.6
85298.2 -19236.8
92373.4 -12161.6
121137 16602
125382 20847
127581 23046
131022 26487
134839 30304
134257 29722
118591 14056
112261 7726
133200 28665
57616.4 -46918.6
132197 27662
173741 69206
150776 46241
131431 26896
132107 27572
174118 69583
175195 70660
150325 45790
159333 54798
122496 17961
127313 22778
130714 26179
218265 113730
124293 19758
150954 46419
218691 114156
132222 27687
218779 114244
131673 27138
172035 67500
100568 -3967
133525 28990
155125 50590
155948 51413
153546 49011
130166 25631
129626 25091
144757 40222
126945 22410
200242 95707
131480 26945
133250 28715
131507 26972
133955 29420
69906.5 -34628.5
137275 32740
125790 21255
136109 31574
130470 25935
188755 84220
136473 31938
123164 18629
129039 24504
138636 34101
185778 81243
139398 34863
100373 -4162
83922 -20613
136398 31863
126243 21708
117409 12874
131799 27264
121871 17336
85875 -18660
104979 444
129214 24679
40702.6 -63832.4
114667 10132
110496 5961
56700.4 -47834.6
122591 18056
101973 -2562
117058 12523
86398.9 -18136.1
132489 27954
120198 15663
134681 30146
133509 28974
137126 32591
112000 7465
128008 23473
110007 5472
90457 -14078
120538 16003
113442 8907
131552 27017
60583.3 -43951.7
101113 -3422
120743 16208
179788 75253
101219 -3316
45567.8 -58967.2
83092.4 -21442.6
61657.3 -42877.7
127021 22486
212639 108104
79331.6 -25203.4
100137 -4398
134456 29921
96194.4 -8340.6
110029 5494
157436 52901
86252.8 -18282.2
123390 18855
120102 15567
120588 16053
160219 55684
148618 44083
92113.8 -12421.2
125600 21065
103623 -912
115714 11179
98996.8 -5538.2
118934 14399
140055 35520
163185 58650
111797 7262
104270 -265
66967.5 -37567.5
87226 -17309
110724 6189
61943.9 -42591.1
146607 42072
53993 -50542
76779.2 -27755.8
63308.8 -41226.2
105306 771
148182 43647
146844 42309
77079.6 -27455.4
83531 -21004
146208 41673
108772 4237
126065 21530
126645 22110
93018 -11517
115133 10598
121617 17082
151922 47387
150531 45996
137903 33368
165809 61274
32039.1 -72495.9
112986 8451
108285 3750
112187 7652
72539.5 -31995.5
132791 28256
93771.8 -10763.2
46818.6 -57716.4
93783.8 -10751.2
101403 -3132
101739 -2796
106265 1730
105219 684
122125 17590
32389.2 -72145.8
95688.1 -8846.9
85731.5 -18803.5
132068 27533
96024.5 -8510.5
86808.9 -17726.1
106667 2132
111765 7230
176494 71959
147521 42986
112652 8117
123302 18767
149033 44498
145639 41104
124881 20346
149185 44650
100968 -3567
149507 44972
192366 87831
210587 106052
138719 34184
78192.6 -26342.4
150133 45598
127750 23215
128324 23789
125833 21298
129073 24538
131289 26754
138812 34277
85254.7 -19280.3
138296 33761
117822 13287
191687 87152
67710.6 -36824.4
85580.6 -18954.4
110173 5638
50558.7 -53976.3
95747.7 -8787.3
98761.6 -5773.4
138113 33578
104669 134
144516 39981
143247 38712
85296 -19239
124467 19932
129547 25012
128072 23537
132388 27853
130333 25798
86064.3 -18470.7
106106 1571
108263 3728
161638 57103
45628.4 -58906.6
164133 59598
81277.8 -23257.2
147059 42524
73702.5 -30832.5
103910 -625
112734 8199
103016 -1519
199049 94514
189694 85159
79861.4 -24673.6
79512.3 -25022.7
101522 -3013
79718.5 -24816.5
103974 -561
67656.9 -36878.1
102686 -1849
179767 75232
106838 2303
103153 -1382
117061 12526
152244 47709
72397.3 -32137.7
70997.8 -33537.2
201565 97030
150278 45743
96076.9 -8458.1
151757 47222
39377 -65158
65241 -39294
80655.1 -23879.9
163357 58822
152629 48094
138940 34405
34016.7 -70518.3
134988 30453
177803 73268
117072 12537
60659.2 -43875.8
127336 22801
67775.5 -36759.5
143167 38632
43769.4 -60765.6
64299.2 -40235.8
183517 78982
60838 -43697
198121 93586
84971.4 -19563.6
93213.7 -11321.3
64679.8 -39855.2
179835 75300
103331 -1204
102062 -2473
98095.8 -6439.2
114181 9646
110054 5519
109806 5271
82780.9 -21754.1
125946 21411
112685 8150
176267 71732
76356.5 -28178.5
135221 30686
154206 49671
101926 -2609
100407 -4128
126107 21572
162926 58391
109168 4633
64306.8 -40228.2
138092 33557
116337 11802
111690 7155
104981 446
104031 -504
90942.5 -13592.5
91214.3 -13320.7
98551.9 -5983.1
90337 -14198
90604.9 -13930.1
91368.1 -13166.9
88478.7 -16056.3
104623 88
111284 6749
141034 36499
188158 83623
90016.2 -14518.8
116056 11521
100958 -3577
133855 29320
105551 1016
144416 39881
74160 -30375
131394 26859
144494 39959
143879 39344
161285 56750
129914 25379
112811 8276
183835 79300
145522 40987
196988 92453
197000 92465
194721 90186
155833 51298
111687 7152
46256.6 -58278.4
185403 80868
42432.4 -62102.6
76657.5 -27877.5
126263 21728
142987 38452
146891 42356
145207 40672
106703 2168
132251 27716
162995 58460
95115.5 -9419.5
142076 37541
148342 43807
112813 8278
64971.2 -39563.8
55589.5 -48945.5
115993 11458
139399 34864
145425 40890
73695.7 -30839.3
111520 6985
102120 -2415
92655.7 -11879.3
160910 56375
130398 25863
73895.9 -30639.1
115095 10560
76925.5 -27609.5
173969 69434
71793.7 -32741.3
152304 47769
139844 35309
146472 41937
115426 10891
76022.2 -28512.8
164510 59975
159302 54767
185168 80633
162417 57882
138234 33699
145407 40872
153232 48697
98418.3 -6116.7
99020.2 -5514.8
105429 894
79057.5 -25477.5
77634.3 -26900.7
148987 44452
93145.9 -11389.1
113395 8860
184524 79989
146263 41728
87057.9 -17477.1
173698 69163
97937.7 -6597.3
166327 61792
80474.4 -24060.6
162573 58038
129239 24704
84487.8 -20047.2
75162.7 -29372.3
86414 -18121
109107 4572
109457 4922
82255.9 -22279.1
100942 -3593
98681.8 -5853.2
84731.7 -19803.3
117769 13234
148556 44021
149373 44838
122161 17626
151530 46995
101061 -3474
132624 28089
124413 19878
99618.2 -4916.8
152052 47517
172286 67751
143352 38817
175849 71314
174980 70445
103675 -860
52403.6 -52131.4
154511 49976
175650 71115
173153 68618
44386.4 -60148.6
114915 10380
129309 24774
105039 504
160155 55620
144418 39883
155929 51394
177136 72601
133079 28544
142234 37699
147607 43072
116455 11920
161872 57337
140119 35584
138478 33943
139031 34496
133780 29245
46606.9 -57928.1
132322 27787
147849 43314
160791 56256
151845 47310
152534 47999
108239 3704
102609 -1926
129707 25172
130694 26159
132689 28154
98729.8 -5805.2
98740.9 -5794.1
100158 -4377
100169 -4366
167358 62823
132944 28409
159202 54667
149806 45271
85052.6 -19482.4
105815 1280
171923 67388
149538 45003
130897 26362
169657 65122
134970 30435
131015 26480
134498 29963
152573 48038
112650 8115
129391 24856
130343 25808
153974 49439
119879 15344
130886 26351
129565 25030
158960 54425
93633.5 -10901.5
144939 40404
133138 28603
133828 29293
150100 45565
106793 2258
113429 8894
96127.3 -8407.7
113712 9177
166982 62447
110988 6453
105831 1296
114858 10323
110364 5829
115651 11116
132516 27981
113956 9421
117260 12725
110545 6010
80378.9 -24156.1
111602 7067
95046.9 -9488.1
111963 7428
99451.1 -5083.9
114056 9521
114069 9534
154202 49667
103712 -823
88949.2 -15585.8
117000 12465
118135 13600
99373 -5162
96582.7 -7952.3
95626 -8909
110601 6066
111402 6867
85588 -18947
113957 9422
86345 -18190
94678.6 -9856.4
108099 3564
110107 5572
120974 16439
105311 776
115845 11310
111373 6838
118895 14360
102989 -1546
82590.3 -21944.7
110070 5535
119599 15064
121284 16749
97419.7 -7115.3
87064.8 -17470.2
86155.6 -18379.4
91256 -13279
51841.1 -52693.9
115518 10983
92301.7 -12233.3
106868 2333
96816.3 -7718.7
153887 49352
97227.6 -7307.4
119329 14794
110104 5569
103717 -818
101268 -3267
117742 13207
114820 10285
92182.3 -12352.7
108672 4137
112667 8132
113026 8491
89025.4 -15509.6
114582 10047
136834 32299
111925 7390
81882.6 -22652.4
121869 17334
117210 12675
117946 13411
99331.6 -5203.4
119628 15093
102486 -2049
101468 -3067
93382.4 -11152.6
