0 8 0
2 8 500
3 4 1500
4 5 1600
5 0 1600
6 1 12000
7 1 14000
23 51 901.961
25 4 12500
29 1 58000
31 2 31000
33 6 11000
35 1 70000
38 13 5846.15
41 9 9111.11
42 6 14000
44 1 88000
45 9 10000
48 8 12000
49 3 32666.7
50 1 100000
53 124 854.839
59 7 16857.1
61 8 15250
64 4 32000
65 26 5000
67 8 16750
71 8 17750
81 4 40500
85 7 24285.7
88 26 6769.23
93 6 31000
95 7 27142.9
104 5 41600
112 10 22400
113 18 12555.6
116 9 25777.8
117 19 12315.8
120 11 21818.2
126 25 10080
127 573 443.281
129 14 18428.6
130 8 32500
134 6 44666.7
137 8 34250
138 35 7885.71
140 159 1761.01
143 35 8171.43
144 85 3388.24
146 5 58400
150 17 17647.1
153 442 692.308
154 14 22000
157 508 618.11
161 490 657.143
167 7 47714.3
172 7 49142.9
173 273 1267.4
174 530 656.604
175 93 3763.44
176 544 647.059
177 531 666.667
178 9 39555.6
181 9 40222.2
182 7 52000
185 7 52857.1
189 12 31500
190 7 54285.7
191 970 393.814
193 4 96500
195 9 43333.3
196 8 49000
198 8 49500
199 6 66333.3
201 3 134000
203 8 50750
209 98 4265.31
214 39 10974.4
217 29 14965.5
219 20 21900
220 63 6984.13
223 33 13515.2
225 4 112500
227 18 25222.2
228 9 50666.7
232 4 116000
234 551 849.365
239 8 59750
241 85 5670.59
243 30 16200
245 45 10888.9
247 7 70571.4
249 8 62250
254 25 20320
259 15 34533.3
264 9 58666.7
266 533 998.124
269 91 5912.09
270 193 2797.93
272 22 24727.3
273 40 13650
275 19 28947.4
276 11 50181.8
277 12 46166.7
278 35 15885.7
279 85 6564.71
282 22 25636.4
283 77 7350.65
284 69 8231.88
286 483 1184.27
287 5 114800
289 488 1184.43
290 16 36250
293 76 7710.53
294 13 45230.8
295 15 39333.3
297 9 66000
300 34 17647.1
303 7 86571.4
304 63 9650.79
307 47 13063.8
308 10 61600
309 13 47538.5
311 86 7232.56
313 12 52166.7
314 9 69777.8
315 8 78750
316 31 20387.1
317 30 21133.3
318 9 70666.7
320 32 20000
323 33 19575.8
324 10 64800
326 25 26080
327 20 32700
328 50 13120
331 73 9068.49
335 24 27916.7
337 34 19823.5
338 18 37555.6
339 14 48428.6
341 15 45466.7
343 8 85750
344 29 23724.1
345 8 86250
346 88 7863.64
347 97 7154.64
348 8 87000
349 676 1032.54
350 32 21875
351 77 9116.88
352 14 50285.7
353 37 19081.1
354 22 32181.8
356 25 28480
359 30 23933.3
360 37 19459.5
362 94 7702.13
365 60 12166.7
367 34 21588.2
368 72 10222.2
371 35 21200
372 8 93000
373 32 23312.5
375 10 75000
377 7 107714
381 20 38100
382 16 47750
384 21 36571.4
385 14 55000
386 34 22705.9
387 9 86000
395 35 22571.4
396 17 46588.2
398 30 26533.3
399 14 57000
400 7 114286
406 7 116000
407 72 11305.6
408 12 68000
412 31 26580.6
413 38 21736.8
414 10 82800
419 14 59857.1
420 11 76363.6
421 953 883.526
423 248 3411.29
425 70 12142.9
426 11 77454.5
428 10 85600
430 9 95555.6
431 77 11194.8
433 35 24742.9
434 25 34720
435 74 11756.8
436 21 41523.8
437 9 97111.1
440 40 22000
441 14 63000
442 39 22666.7
443 770 1150.65
444 30 29600
446 8 111500
447 901 992.231
449 13 69076.9
453 13 69692.3
454 37 24540.5
455 66 13787.9
456 91 10022
458 34 26941.2
460 44 20909.1
464 31 29935.5
468 971 963.955
469 57 16456.1
471 14 67285.7
472 530 1781.13
473 50 18920
474 50 18960
475 33 28787.9
478 40 23900
481 11 87454.5
484 75 12906.7
488 645 1513.18
492 24 41000
493 51 19333.3
495 27 36666.7
497 22 45181.8
498 93 10709.7
499 65 15353.8
502 33 30424.2
503 74 13594.6
506 9 112444
507 21 48285.7
509 47 21659.6
510 94 10851.1
511 73 14000
515 495 2080.81
516 21 49142.9
518 23 45043.5
519 24 43250
520 177 5875.71
521 30 34733.3
523 48 21791.7
524 39 26871.8
525 97 10824.7
530 17 62352.9
533 30 35533.3
542 55 19709.1
545 19 57368.4
546 50 21840
548 33 33212.1
551 25 44080
552 96 11500
559 873 1280.64
562 32 35125
564 36 31333.3
566 486 2329.22
568 34 33411.8
569 26 43769.2
570 10 114000
572 10 114400
573 24 47750
575 516 2228.68
577 31 37225.8
578 17 68000
581 9 129111
587 29 40482.8
588 49 24000
589 137 8598.54
592 64 18500
594 33 36000
597 46 25956.5
598 20 59800
601 955 1258.64
602 481 2503.12
603 35 34457.1
606 28 43285.7
607 21 57809.5
608 17 71529.4
612 39 31384.6
613 98 12510.2
615 17 72352.9
617 18 68555.6
618 87 14206.9
619 34 36411.8
623 50 24920
626 52 24076.9
628 48 26166.7
629 966 1302.28
630 51 24705.9
632 28 45142.9
635 17 74705.9
639 49 26081.6
642 64 20062.5
644 31 41548.4
645 27 47777.8
648 86 15069.8
653 94 13893.6
654 31 42193.5
657 21 62571.4
658 38 34631.6
659 33 39939.4
663 23 57652.2
664 16 83000
665 26 51153.8
666 86 15488.4
669 24 55750
672 32 42000
673 18 74777.8
674 26 51846.2
675 17 79411.8
676 24 56333.3
677 61 22196.7
679 42 32333.3
681 49 27795.9
682 49 27836.7
683 18 75888.9
684 30 45600
687 93 14774.2
688 942 1460.72
689 92 14978.3
690 57 24210.5
691 19 72736.8
695 88 15795.5
699 23 60782.6
701 31 45225.8
702 18 78000
705 91 15494.5
707 505 2800
709 678 2091.45
711 92 15456.5
712 13 109538
713 55 25927.3
714 60 23800
715 27 52963
717 22 65181.8
719 13 110615
722 145 9958.62
723 33 43818.2
724 17 85176.5
733 66 22212.1
735 130 11307.7
737 236 6245.76
738 36 41000
739 21 70381
740 19 77894.7
742 32 46375
746 31 48129
749 76 19710.5
750 31 48387.1
751 61 24623
752 32 47000
753 95 15852.6
754 46 32782.6
756 55 27490.9
758 94 16127.7
761 93 16365.6
763 93 16408.6
764 20 76400
767 93 16494.6
768 32 48000
770 36 42777.8
771 815 1892.02
773 49 31551
775 761 2036.79
777 91 17076.9
778 15 103733
779 30 51933.3
780 36 43333.3
784 38 41263.2
785 38 41315.8
787 39 40359
788 79 19949.4
789 26 60692.3
790 27 58518.5
791 93 17010.8
792 668 2371.26
794 13 122154
797 934 1706.64
799 72 22194.4
802 25 64160
803 51 31490.2
804 16 100500
805 69 23333.3
808 33 48969.7
809 28 57785.7
810 45 36000
816 24 68000
820 21 78095.2
824 52 31692.3
826 38 43473.7
829 54 30703.7
830 31 53548.4
832 17 97882.4
833 37 45027
835 52 32115.4
836 45 37155.6
838 12 139667
839 39 43025.6
840 20 84000
841 36 46722.2
842 96 17541.7
843 35 48171.4
847 95 17831.6
849 39 43538.5
852 28 60857.1
855 24 71250
856 38 45052.6
857 25 68560
860 85 20235.3
861 284 6063.38
863 510 3384.31
866 75 23093.3
867 502 3454.18
870 87 20000
873 79 22101.3
874 20 87400
875 46 38043.5
878 541 3245.84
880 86 20465.1
881 28 62928.6
882 83 21253
884 55 32145.5
885 822 2153.28
887 86 20627.9
888 95 18694.7
889 59 30135.6
891 24 74250
892 42 42476.2
894 24 74500
896 53 33811.3
898 49 36653.1
899 23 78173.9
901 77 23402.6
902 287 6285.71
907 60 30233.3
911 39 46717.9
915 56 32678.6
918 77 23844.2
921 39 47230.8
923 38 48578.9
925 30 61666.7
926 51 36313.7
931 39 47743.6
933 39 47846.2
934 19 98315.8
935 19 98421.1
937 49 38244.9
941 39 48256.4
942 43 43814
945 57 33157.9
946 19 99578.9
947 38 49842.1
948 46 41217.4
949 57 33298.2
950 45 42222.2
951 80 23775
953 96 19854.2
954 55 34690.9
960 45 42666.7
961 51 37686.3
963 20 96300
964 58 33241.4
965 27 71481.5
966 60 32200
967 22 87909.1
971 32 60687.5
972 21 92571.4
973 21 92666.7
974 42 46381
975 74 26351.4
977 30 65133.3
978 87 22482.8
979 41 47756.1
980 20 98000
982 69 28463.8
988 59 33491.5
992 964 2058.09
993 60 33100
995 26 76538.5
998 27 73925.9
999 30 66600
1000 66 30303
1001 68 29441.2
1004 47 42723.4
1006 31 64903.2
1007 23 87565.2
1008 54 37333.3
1015 57 35614
1016 62 32774.2
1022 17 120235
1026 33 62181.8
1027 47 43702.1
1028 28 73428.6
1029 71 28985.9
1031 96 21479.2
1032 32 64500
1035 68 30441.2
1037 33 62848.5
1040 45 46222.2
1041 39 53384.6
1042 39 53435.9
1043 45 46355.6
1045 50 41800
1046 40 52300
1048 54 38814.8
1051 92 22847.8
1055 42 50238.1
1056 38 55578.9
1058 41 51609.8
1059 63 33619
1063 92 23108.7
1064 26 81846.2
1065 95 22421.1
1067 58 36793.1
1068 25 85440
1069 39 54820.5
1070 81 26419.8
1071 40 53550
1073 89 24112.4
1076 903 2383.17
1077 85 25341.2
1079 540 3996.3
1083 55 39381.8
1084 92 23565.2
1085 15 144667
1088 87 25011.5
1089 574 3794.43
1092 33 66181.8
1096 23 95304.3
1098 90 24400
1099 44 49954.5
1100 35 62857.1
1101 27 81555.6
1102 37 59567.6
1104 26 84923.1
1106 60 36866.7
1107 73 30328.8
1109 960 2310.42
1111 61 36426.2
1112 40 55600
1114 35 63657.1
1115 48 46458.3
1116 38 58736.8
1117 67 33343.3
1118 59 37898.3
1119 68 32911.8
1120 56 40000
1122 42 53428.6
1123 44 51045.5
1126 76 29631.6
1127 37 60918.9
1128 27 83555.6
1129 50 45160
1130 31 72903.2
1131 61 37082
1132 60 37733.3
1133 81 27975.3
1134 24 94500
1135 33 68787.9
1136 79 28759.5
1137 92 24717.4
1138 27 84296.3
1140 56 40714.3
1141 93 24537.6
1142 50 45680
1145 63 36349.2
1147 80 28675
1148 67 34268.7
1149 65 35353.8
1152 79 29164.6
1153 85 27129.4
1154 61 37836.1
1158 91 25450.5
1163 45 51688.9
1168 950 2458.95
1169 33 70848.5
1171 49 47795.9
1172 37 63351.4
1178 66 35697
1180 45 52444.4
1182 72 32833.3
1184 93 25462.4
1185 64 37031.2
1186 90 26355.6
1187 518 4583.01
1188 48 49500
1189 60 39633.3
1190 534 4456.93
1191 517 4607.35
1192 560 4257.14
1193 42 56809.5
1195 62 38548.4
1196 30 79733.3
1198 45 53244.4
1199 64 37468.8
1201 26 92384.6
1207 50 48280
1208 96 25166.7
1209 20 120900
1211 35 69200
1213 53 45773.6
1216 26 93538.5
1218 60 40600
1221 27 90444.4
1224 35 69942.9
1225 24 102083
1226 66 37151.5
1228 45 54577.8
1229 48 51208.3
1231 37 66540.5
1232 45 54755.6
1233 37 66648.6
1234 84 29381
1235 31 79677.4
1241 94 26404.3
1245 46 54130.4
1246 44 56636.4
1249 29 86137.9
1250 34 73529.4
1251 95 26336.8
1252 550 4552.73
1255 56 44821.4
1256 29 86620.7
1259 60 41966.7
1260 80 31500
1263 59 42813.6
1264 91 27780.2
1268 53 47849.1
1269 88 28840.9
1270 66 38484.8
1271 38 66894.7
1272 93 27354.8
1274 37 68864.9
1277 31 82387.1
1278 96 26625
1279 93 27505.4
1281 41 62487.8
1285 535 4803.74
1286 51 50431.4
1287 68 37852.9
1289 53 48641.5
1294 44 58818.2
1295 70 37000
1296 34 76235.3
1297 91 28505.5
1301 938 2773.99
1302 535 4867.29
1304 78 33435.9
1305 46 56739.1
1306 53 49283
1307 47 55617
1308 40 65400
1311 94 27893.6
1312 47 55829.8
1314 37 71027
1315 53 49622.6
1316 42 62666.7
1317 62 42483.9
1318 480 5491.67
1319 23 114696
1321 29 91103.4
1327 96 27645.8
1329 46 57782.6
1331 87 30597.7
1332 46 57913
1334 35 76228.6
1335 27 98888.9
1336 50 53440
1337 54 49518.5
1339 36 74388.9
1340 777 3449.16
1341 27 99333.3
1342 29 92551.7
1343 75 35813.3
1344 69 38956.5
1345 258 10426.4
1346 33 81575.8
1347 96 28062.5
1349 58 46517.2
1351 43 62837.2
1352 32 84500
1353 59 45864.4
1355 85 31882.4
1357 34 79823.5
1358 90 30177.8
1361 45 60488.9
1362 26 104769
1363 94 29000
1364 45 60622.2
1365 87 31379.3
1366 62 44064.5
1367 459 5956.43
1368 54 50666.7
1369 34 80529.4
1370 41 66829.3
1371 48 57125
1373 86 31930.2
1376 61 45114.8
1377 93 29612.9
1379 33 83575.8
1380 20 138000
1382 45 61422.2
1385 63 43968.3
1386 96 28875
1387 79 35113.9
1389 45 61733.3
1390 34 81764.7
1391 44 63227.3
1392 51 54588.2
1393 535 5207.48
1395 130 21461.5
1396 53 52679.2
1398 35 79885.7
1400 49 57142.9
1401 67 41820.9
1402 183 15322.4
1409 49 57510.2
1410 47 60000
1411 32 88187.5
1413 80 35325
1414 81 34913.6
1418 44 64454.5
1419 94 30191.5
1422 80 35550
1423 33 86242.4
1427 33 86484.8
1428 59 48406.8
1429 61 46852.5
1433 33 86848.5
1434 47 61021.3
1437 45 63866.7
1440 47 61276.6
1442 46 62695.7
1443 92 31369.6
1444 46 62782.6
1447 46 62913
1449 29 99931
1450 98 29591.8
1451 26 111615
1452 37 78486.5
1454 35 83085.7
1455 51 57058.8
1457 50 58280
1459 50 58360
1460 33 88484.8
1461 515 5673.79
1465 90 32555.6
1466 63 46539.7
1468 52 56461.5
1469 36 81611.1
1471 82 35878
1472 33 89212.1
1474 52 56692.3
1476 31 95225.8
1478 58 50965.5
1479 32 92437.5
1485 48 61875
1487 30 99133.3
1488 72 41333.3
1490 35 85142.9
1491 40 74550
1493 28 106643
1494 54 55333.3
1497 25 119760
1498 57 52561.4
1502 49 61306.1
1503 58 51827.6
1505 44 68409.1
1506 98 30734.7
1507 77 39142.9
1508 91 33142.9
1509 87 34689.7
1510 82 36829.3
1511 90 33577.8
1512 57 53052.6
1513 41 73804.9
1514 38 79684.2
1515 88 34431.8
1517 48 63208.3
1518 34 89294.1
1520 78 38974.4
1521 72 42250
1522 53 57434
1525 71 42957.7
1526 61 50032.8
1529 53 57698.1
1530 48 63750
1533 86 35651.2
1534 49 62612.2
1535 55 55818.2
1537 67 45880.6
1538 41 75024.4
1540 132 23333.3
1542 46 67043.5
1543 91 33912.1
1544 36 85777.8
1546 54 57259.3
1551 91 34087.9
1553 53 58603.8
1555 79 39367.1
1557 48 64875
1563 37 84486.5
1565 37 84594.6
1567 48 65291.7
1568 74 42378.4
1570 67 46865.7
1573 52 60500
1575 98 32142.9
1579 34 92882.4
1580 33 95757.6
1581 61 51836.1
1582 57 55508.8
1583 58 54586.2
1585 42 75476.2
1586 55 57672.7
1587 67 47373.1
1588 53 59924.5
1589 49 64857.1
1590 43 73953.5
1592 69 46144.9
1596 67 47641.8
1597 50 63880
1598 55 58109.1
1599 71 45042.3
1603 83 38626.5
1605 45 71333.3
1606 45 71377.8
1609 88 36568.2
1610 43 74883.7
1614 59 54711.9
1615 83 38915.7
1617 38 85105.3
1618 51 63451
1620 54 60000
1622 53 61207.5
1623 31 104710
1628 56 58142.9
1634 31 105419
1635 60 54500
1637 39 83948.7
1638 46 71217.4
1639 98 33449
1641 52 63115.4
1643 47 69914.9
1647 55 59890.9
1649 43 76697.7
1655 40 82750
1656 542 6110.7
1659 78 42538.5
1661 475 6993.68
1664 58 57379.3
1666 39 85435.9
1667 92 36239.1
1669 58 57551.7
1671 71 47070.4
1672 75 44586.7
1676 31 108129
1680 38 88421.1
1683 73 46109.6
1688 58 58206.9
1689 48 70375
1690 52 65000
1692 53 63849.1
1696 46 73739.1
1697 44 77136.4
1699 30 113267
1701 48 70875
1709 44 77681.8
1710 42 81428.6
1713 62 55258.1
1714 39 87897.4
1719 56 61392.9
1720 45 76444.4
1722 34 101294
1724 80 43100
1728 42 82285.7
1731 44 78681.8
1732 67 51701.5
1741 45 77377.8
1742 39 89333.3
1744 36 96888.9
1745 47 74255.3
1746 56 62357.1
1748 214 16336.4
1753 69 50811.6
1755 56 62678.6
1756 508 6913.39
1758 52 67615.4
1760 53 66415.1
1761 151 23324.5
1762 46 76608.7
1765 92 38369.6
1767 88 40159.1
1769 58 61000
1770 51 69411.8
1772 50 70880
1774 42 84476.2
1778 52 68384.6
1780 41 86829.3
1784 546 6534.8
1785 58 61551.7
1786 58 61586.2
1788 73 48986.3
1789 42 85190.5
1791 44 81409.1
1792 47 76255.3
1794 95 37768.4
1797 43 83581.4
1802 71 50760.6
1804 76 47473.7
1805 70 51571.4
1806 43 84000
1808 31 116645
1809 817 4428.4
1810 39 92820.5
1813 43 84325.6
1814 90 40311.1
1815 88 41250
1816 89 40809
1819 63 57746
1823 53 68792.5
1824 76 48000
1825 59 61864.4
1827 46 79434.8
1830 67 54626.9
1831 90 40688.9
1832 53 69132.1
1834 28 131000
1838 86 42744.2
1843 48 76791.7
1845 51 72352.9
1849 48 77041.7
1857 80 46425
1860 42 88571.4
1861 44 84590.9
1864 33 112970
1867 67 55731.3
1868 69 54144.9
1871 39 95948.7
1875 39 96153.8
1877 54 69518.5
1882 60 62733.3
1886 49 76979.6
1890 98 38571.4
1892 38 99578.9
1897 88 43113.6
1898 64 59312.5
1899 521 7289.83
1902 35 108686
1903 72 52861.1
1905 87 43793.1
1907 46 82913
1908 48 79500
1911 72 53083.3
1913 40 95650
1921 92 41760.9
1923 88 43704.5
1927 69 55855.1
1931 49 78816.3
1937 44 88045.5
1938 49 79102
1939 61 63573.8
1941 42 92428.6
1943 54 71963
1946 52 74846.2
1947 52 74884.6
1948 54 72148.1
1949 46 84739.1
1951 98 39816.3
1955 45 86888.9
1958 44 89000
1962 92 42652.2
1969 62 63516.1
1971 46 85695.7
1972 162 24345.7
1974 58 68069
1976 81 48790.1
1978 45 87911.1
1981 42 94333.3
1982 67 59164.2
1984 74 53621.6
1986 41 96878
1987 74 53702.7
1988 64 62125
1990 36 110556
1995 73 54657.5
1997 96 41604.2
1998 44 90818.2
2002 88 45500
2015 62 65000
2016 71 56788.7
2019 44 91772.7
2022 46 87913
2024 57 71017.5
2026 396 10232.3
2031 37 109784
2033 43 94558.1
2036 51 79843.1
2037 61 66786.9
2039 49 83224.5
2040 37 110270
2044 61 67016.4
2045 39 104872
2047 46 89000
2050 71 57746.5
2051 51 80431.4
2052 77 53298.7
2053 121 33933.9
2055 56 73392.9
2067 51 81058.8
2068 59 70101.7
2072 50 82880
2076 45 92266.7
2080 51 81568.6
2081 31 134258
2085 31 134516
2086 48 86916.7
2092 56 74714.3
2099 82 51195.1
2100 41 102439
2103 34 123706
2105 79 53291.1
2106 57 73894.7
2108 89 47370.8
2110 37 114054
2111 47 89829.8
2115 63 67142.9
2119 42 100905
2120 51 83137.3
2123 39 108872
2128 31 137290
2136 55 77672.7
2139 32 133688
2140 93 46021.5
2142 84 51000
2143 146 29356.2
2149 74 58081.1
2158 49 88081.6
2159 70 61685.7
2160 97 44536.1
2163 116 37293.1
2164 61 70950.8
2165 75 57733.3
2174 58 74965.5
2181 55 79309.1
2186 84 52047.6
2187 83 52698.8
2189 64 68406.2
2193 57 76947.4
2194 64 68562.5
2196 67 65552.2
2197 51 86156.9
2198 95 46273.7
2201 170 25894.1
2202 57 77263.2
2204 50 88160
2206 60 73533.3
2208 79 55898.7
2221 63 70507.9
2223 48 92625
2226 70 63600
2227 40 111350
2229 50 89160
2230 51 87451
2233 50 89320
2236 60 74533.3
2237 39 114718
2238 58 77172.4
2243 53 84641.5
2245 142 31619.7
2246 53 84754.7
2250 54 83333.3
2257 63 71650.8
2260 39 115897
2261 56 80750
2268 65 69784.6
2269 60 75633.3
2281 70 65171.4
2288 83 55132.5
2289 48 95375
2290 64 71562.5
2292 64 71625
2294 62 74000
2295 101 45445.5
2296 65 70646.2
2298 65 70707.7
2302 77 59792.2
2306 53 87018.9
2308 61 75672.1
2309 75 61573.3
2313 52 88961.5
2315 582 7955.33
2317 68 68147.1
2325 70 66428.6
2332 47 99234
2342 63 74349.2
2343 81 57851.9
2347 90 52155.6
2349 88 53386.4
2350 78 60256.4
2353 44 106955
2362 59 80067.8
2364 93 50838.7
2369 65 72892.3
2373 50 94920
2374 65 73046.2
2375 51 93137.3
2379 40 118950
2380 52 91538.5
2382 61 78098.4
2383 135 35303.7
2385 58 82241.4
2386 62 76967.7
2391 44 108682
2392 55 86981.8
2395 67 71492.5
2398 56 85642.9
2402 52 92384.6
2406 47 102383
2408 68 70823.5
2410 48 100417
2411 53 90981.1
2413 58 83206.9
2420 57 84912.3
2423 82 59097.6
2426 45 107822
2432 71 68507
2435 45 108222
2437 72 67694.4
2439 46 106043
2441 44 110955
2442 59 82779.7
2443 45 108578
2446 72 67944.4
2449 552 8873.19
2453 546 8985.35
2460 54 91111.1
2465 55 89636.4
2469 976 5059.43
2470 71 69577.5
2474 51 97019.6
2475 48 103125
2478 52 95307.7
2480 52 95384.6
2481 60 82700
2488 61 81573.8
2489 45 110622
2490 44 113182
2491 70 71171.4
2493 40 124650
2494 77 64779.2
2495 92 54239.1
2496 63 79238.1
2503 58 86310.3
2506 735 6819.05
2508 84 59714.3
2509 77 65168.8
2513 61 82393.4
2516 98 51346.9
2518 72 69944.4
2520 69 73043.5
2523 70 72085.7
2525 93 54301.1
2527 92 54934.8
2529 70 72257.1
2531 53 95509.4
2535 90 56333.3
2536 55 92218.2
2537 137 37036.5
2539 56 90678.6
2543 66 77060.6
2544 74 68756.8
2546 67 76000
2547 59 86339
2548 52 98000
2553 58 88034.5
2555 54 94629.6
2565 76 67500
2567 97 52927.8
2574 63 81714.3
2577 66 78090.9
2580 67 77014.9
2582 50 103280
2583 65 79476.9
2585 78 66282.1
2587 93 55634.4
2590 51 101569
2591 55 94218.2
2593 82 63243.9
2595 48 108125
2604 41 127024
2608 65 80246.2
2610 75 69600
2612 90 58044.4
2613 61 85672.1
2614 77 67896.1
2615 41 127561
2622 41 127902
2625 67 78358.2
2627 359 14635.1
2630 68 77352.9
2634 86 61255.8
2635 91 57912.1
2636 73 72219.2
2640 65 81230.8
2643 53 99735.8
2645 67 78955.2
2648 73 72547.9
2650 131 40458
2651 544 9746.32
2655 74 71756.8
2660 71 74929.6
2661 96 55437.5
2663 93 57268.8
2666 540 9874.07
2670 224 23839.3
2671 80 66775
2674 74 72270.3
2677 64 83656.2
2679 557 9619.39
2684 52 103231
2688 91 59076.9
2690 57 94386
2691 541 9948.24
2692 65 82830.8
2693 95 56694.7
2698 605 8919.01
2699 59 91491.5
2704 61 88655.7
2706 47 115149
2709 73 74219.2
2711 63 86063.5
2714 68 79823.5
2727 84 64928.6
2730 54 101111
2737 52 105269
2745 151 36357.6
2748 87 63172.4
2751 59 93254.2
2752 66 83393.9
2753 51 107961
2756 60 91866.7
2758 89 61977.5
2759 63 87587.3
2762 98 56367.3
2763 66 83727.3
2764 48 115167
2765 67 82537.3
2766 81 68296.3
2770 78 71025.6
2774 261 21256.7
2778 71 78253.5
2779 89 62449.4
2780 96 57916.7
2781 96 57937.5
2783 189 29449.7
2785 69 80724.6
2787 67 83194
2789 80 69725
2790 55 101455
2792 45 124089
2798 276 20275.4
2808 82 68487.8
2809 98 57326.5
2812 98 57387.8
2813 80 70325
2814 50 112560
2817 76 74131.6
2820 48 117500
2824 98 57632.7
2825 46 122826
2826 57 99157.9
2827 58 97482.8
2828 62 91225.8
2833 70 80942.9
2834 51 111137
2835 74 76621.6
2839 90 63088.9
2840 79 71898.7
2844 67 84895.5
2848 51 111686
2851 75 76026.7
2852 82 69561
2854 53 107698
2860 51 112157
2861 127 45055.1
2862 97 59010.3
2863 54 106037
2864 47 121872
2865 138 41521.7
2870 66 86969.7
2871 61 94131.1
2872 93 61763.4
2874 56 102643
2875 79 72784.8
2879 91 63274.7
2882 114 50561.4
2889 91 63494.5
2896 89 65078.7
2903 77 75402.6
2908 93 62537.6
2909 83 70096.4
2911 123 47333.3
2912 59 98711.9
2916 73 79890.4
2918 94 62085.1
2920 50 116800
2924 92 63565.2
2925 82 71341.5
2930 124 47258.1
2936 72 81555.6
2940 71 82816.9
2941 69 85246.4
2942 79 74481
2947 78 75564.1
2955 74 79864.9
2957 68 86970.6
2969 122 48672.1
2971 94 63212.8
2977 73 81561.6
2978 70 85085.7
2980 97 61443.3
2981 97 61463.9
2987 79 75620.3
2990 64 93437.5
2996 215 27869.8
2998 65 92246.2
3006 69 87130.4
3010 85 70823.5
3012 71 84845.1
3017 59 102271
3023 73 82821.9
3027 64 94593.8
3038 69 88058
3043 96 63395.8
3047 56 108821
3048 89 68494.4
3049 75 81306.7
3056 236 25898.3
3062 95 64463.2
3064 73 83945.2
3065 58 105690
3073 68 90382.4
3076 116 53034.5
3078 74 83189.2
3087 87 70965.5
3094 85 72800
3095 80 77375
3096 74 83675.7
3103 94 66021.3
3106 73 85095.9
3113 73 85287.7
3126 75 83360
3131 93 67333.3
3132 125 50112
3133 57 109930
3135 98 63979.6
3137 93 67462.4
3138 112 56035.7
3139 55 114145
3150 109 57798.2
3152 59 106847
3155 89 70898.9
3165 108 58611.1
3167 80 79175
3168 73 86794.5
3170 95 66736.8
3178 98 64857.1
3194 73 87506.8
3199 58 110310
3201 72 88916.7
3214 91 70637.4
3222 95 67831.6
3223 75 85946.7
3228 78 82769.2
3235 116 55775.9
3236 74 87459.5
3239 116 55844.8
3240 63 102857
3246 65 99876.9
3248 68 95529.4
3249 64 101531
3252 92 70695.7
3260 64 101875
3266 81 80642
3273 67 97701.5
3274 91 71956
3290 94 70000
3291 90 73133.3
3292 72 91444.4
3299 81 81456.8
3301 63 104794
3316 81 81876.5
3323 64 103844
3325 75 88666.7
3336 147 45387.8
3346 62 107935
3348 75 89280
3349 86 77883.7
3363 100 67260
3368 55 122473
3380 86 78604.7
3382 65 104062
3394 90 75422.2
3402 70 97200
3403 184 36989.1
3407 66 103242
3409 84 81166.7
3414 92 74217.4
3416 84 81333.3
3418 75 91146.7
3423 77 88909.1
3424 94 72851.1
3427 226 30327.4
3429 79 86810.1
3431 92 74587
3438 82 83853.7
3439 78 88179.5
3443 83 82963.9
3444 83 82988
3450 83 83132.5
3456 69 100174
3459 72 96083.3
3470 67 103582
3471 192 36156.2
3473 97 71608.2
3476 89 78112.4
3480 72 96666.7
3482 54 128963
3501 71 98619.7
3502 95 73726.3
3505 92 76195.7
3506 98 71551
3508 72 97444.4
3511 83 84602.4
3515 81 86790.1
3522 81 86963
3532 280 25228.6
3536 93 76043
3537 98 72183.7
3538 95 74484.2
3544 76 93263.2
3549 87 81586.2
3552 53 134038
3559 68 104676
3563 89 80067.4
3564 73 97643.8
3567 86 82953.5
3582 83 86313.3
3583 83 86337.3
3584 88 81454.5
3595 83 86626.5
3597 296 24304.1
3599 87 82735.6
3613 86 84023.3
3615 84 86071.4
3617 86 84116.3
3627 95 76357.9
3632 77 94337.7
3633 77 94363.6
3634 72 100944
3637 84 86595.2
3640 101 72079.2
3642 83 87759
3644 96 75916.7
3649 95 76821.1
3662 90 81377.8
3663 86 85186
3666 74 99081.1
3677 648 11348.8
3678 268 27447.8
3691 86 85837.2
3692 802 9206.98
3698 61 121246
3701 110 67290.9
3706 86 86186
3708 78 95076.9
3720 72 103333
3724 96 77583.3
3730 74 100811
3741 73 102493
3748 72 104111
3749 84 89261.9
3750 74 101351
3751 74 101378
3753 96 78187.5
3757 89 84427
3759 72 104417
3761 76 98973.7
3768 78 96615.4
3769 60 125633
3777 75 100720
3780 87 86896.6
3786 116 65275.9
3790 99 76565.7
3801 76 100026
3803 97 78412.4
3804 150 50720
3806 89 85528.1
3807 896 8497.77
3810 76 100263
3813 77 99039
3814 78 97794.9
3816 95 80336.8
3818 572 13349.7
3820 81 94321
3827 577 13265.2
3828 80 95700
3830 321 23862.9
3831 92 83282.6
3832 70 109486
3833 61 125672
3834 97 79051.5
3836 92 83391.3
3838 79 97164.6
3841 81 94839.5
3843 86 89372.1
3846 97 79299
3849 78 98692.3
3851 80 96275
3853 83 92843.4
3865 581 13304.6
3869 81 95530.9
3870 94 82340.4
3872 88 88000
3876 82 94536.6
3880 95 81684.2
3882 99 78424.2
3889 92 84543.5
3891 88 88431.8
3899 93 83849.5
3900 81 96296.3
3904 94 83063.8
3907 111 70396.4
3908 79 98936.7
3909 84 93071.4
3910 96 81458.3
3911 87 89908
3912 98 79836.7
3914 79 99088.6
3915 93 84193.5
3916 89 88000
3917 76 103079
3919 95 82505.3
3924 98 80081.6
3925 89 88202.2
3929 93 84494.6
3931 88 89340.9
3932 97 81072.2
3936 96 82000
3937 82 96024.4
3938 72 109389
3948 98 80571.4
3950 98 80612.2
3953 77 102675
3955 96 82395.8
3956 77 102753
3957 86 92023.3
3960 77 102857
3962 81 97827.2
3963 78 101615
3965 76 104342
3966 87 91172.4
3967 75 105787
3969 98 81000
3974 596 13335.6
3976 576 13805.6
3986 91 87604.4
3989 73 109288
3993 94 84957.4
3995 77 103766
3996 84 95142.9
3997 92 86891.3
3999 78 102538
4002 77 103948
4007 79 101443
4012 82 97853.7
4015 96 83645.8
4018 576 13951.4
4019 86 93465.1
4035 94 85851.1
4037 94 85893.6
4041 75 107760
4044 85 95152.9
4045 82 98658.5
4047 85 95223.5
4049 93 87075.3
4050 112 72321.4
4063 88 92340.9
4064 79 102886
4071 95 85705.3
4078 95 85852.6
4085 89 91797.8
4088 96 85166.7
4089 96 85187.5
4092 86 95162.8
4095 93 88064.5
4096 78 105026
4098 570 14378.9
4103 84 97690.5
4111 86 95604.7
4118 90 91511.1
4120 76 108421
4123 84 98166.7
4127 96 85979.2
4129 77 107247
4132 87 94988.5
4136 83 99662.7
4141 768 10783.9
4146 79 104962
4147 75 110587
4148 92 90173.9
4150 87 95402.3
4153 566 14674.9
4169 82 101683
4171 81 102988
4186 82 102098
4190 80 104750
4192 95 88252.6
4194 87 96413.8
4196 83 101108
4200 93 90322.6
4251 94 90446.8
4252 87 97747.1
4262 96 88791.7
4271 85 100494
4273 85 100541
4293 95 90378.9
4303 92 93543.5
4304 91 94593.4
4313 91 94791.2
4314 93 92774.2
4316 94 91829.8
4317 79 109291
4319 115 75113
4320 472 18305.1
4326 88 98318.2
4328 74 116973
4330 89 97303.4
4379 99 88464.6
4407 458 19244.5
4414 459 19233.1
4483 123 72894.3
4628 427 21676.8
4729 443 21349.9
4730 94 100638
4819 219 44009.1
4821 85 113435
4861 178 54618
4878 114 85578.9
4887 297 32909.1
4894 221 44289.6
4932 574 17184.7
4948 117 84581.2
4949 89 111213
4965 5 1986000
4982 98 101673
4992 240 41600
4994 180 55488.9
5036 180 55955.6
5049 209 48315.8
5054 77 131273
5065 300 33766.7
5074 114 89017.5
5081 217 46829.5
5088 86 118326
5089 96 106021
5104 116 88000
5124 92 111391
5139 125 82224
5150 30 343333
5152 62 166194
5161 113 91345.1
5166 97 106515
5178 467 22175.6
5182 135 76770.4
5186 324 32012.3
5214 489 21325.2
5239 8 1309750
5240 497 21086.5
5247 505 20780.2
5251 303 34660.1
5253 98 107204
5254 173 60739.9
5270 474 22236.3
5283 85 124306
5284 113 93522.1
5288 91 116220
5289 80 132225
5291 633 16717.2
5297 188 56351.1
5310 307 34592.8
5311 283 37533.6
5323 52 204731
5324 24 443667
5326 85 125318
5329 228 46745.6
5334 250 42672
5338 85 125600
5344 227 47083.7
5345 92 116196
5351 193 55450.8
5353 223 48009
5358 241 44464.7
5360 243 44115.2
5361 217 49410.1
5362 234 45829.1
5364 229 46847.2
5371 733 14654.8
5372 227 47330.4
5381 216 49824.1
5384 223 48287
5385 498 21626.5
5392 126 85587.3
5400 10 1080000
5401 3 3.60067e+06
5404 579 18666.7
5416 108 100296
5419 244 44418
5422 656 16530.5
5426 138 78637.7
5428 199 54552.8
5433 199 54603
5448 254 42897.6
5467 130 84107.7
5468 152 71947.4
5478 124 88354.8
5479 96 114146
5480 125 87680
5482 116 94517.2
5483 138 79463.8
5484 147 74612.2
5486 142 77267.6
5507 732 15046.4
5512 248 44451.6
5522 147 75129.3
5523 230 48026.1
5525 136 81250
5526 127 87023.6
5542 118 93932.2
5546 129 85984.5
5549 91 121956
5555 145 76620.7
5564 456 24403.5
5572 139 80172.7
5575 231 48268.4
5577 451 24731.7
5591 202 55356.4
5593 95 117747
5595 157 71273.9
5596 179 62525.1
5600 171 65497.1
5611 496 22625
5612 840 13361.9
5623 544 20672.8
5624 554 20303.2
5625 230 48913
5627 140 80385.7
5634 91 123824
5636 117 96341.9
5638 89 126697
5639 209 53961.7
5641 236 47805.1
5642 137 82365
5657 132 85712.1
5658 80 141450
5660 93 121720
5662 143 79188.8
5663 199 56914.6
5664 118 96000
5682 156 72846.2
5688 140 81257.1
5701 620 18390.3
5709 128 89203.1
5719 91 125692
5724 144 79500
5726 156 73410.3
5733 123 93219.5
5736 292 39287.7
5737 194 59144.3
5745 468 24551.3
5746 248 46338.7
5748 242 47504.1
5757 125 92112
5767 269 42877.3
5772 255 45270.6
5773 154 74974
5774 150 76986.7
5784 183 63213.1
5785 244 47418
5791 114 101596
5794 110 105345
5795 121 95785.1
5802 669 17345.3
5808 94 123574
5812 93 124989
5813 90 129178
5814 135 86133.3
5815 123 94552.8
5817 123 94585.4
5819 124 93854.8
5823 337 34557.9
5825 110 105909
5830 142 82112.7
5834 239 48820.1
5837 98 119122
5838 100 116760
5839 133 87804.5
5840 133 87819.5
5841 438 26671.2
5842 281 41580.1
5846 138 84724.6
5861 460 25482.6
5862 146 80301.4
5866 133 88210.5
5869 95 123558
5878 59 199254
5881 127 92614.2
5883 139 84647.5
5886 156 75461.5
5888 157 75006.4
5895 136 86691.2
5896 123 95869.9
5897 702 16800.6
5900 137 86131.4
5908 96 123083
5909 93 127075
5913 137 86321.2
5914 91 129978
5915 92 128587
5916 122 96983.6
5917 138 85753.6
5928 620 19122.6
5932 165 71903
5937 237 50101.3
5939 98 121204
5940 98 121224
5943 128 92859.4
5945 152 78223.7
5947 106 112208
5950 174 68390.8
5951 165 72133.3
5958 97 122845
5962 253 47130.4
5967 140 85242.9
5969 134 89089.6
5971 93 128409
5975 115 103913
5985 143 83706.3
5986 375 31925.3
5987 128 93546.9
5988 114 105053
5989 225 53235.6
5990 131 91450.4
5996 144 83277.8
5997 397 30211.6
5998 458 26192.1
5999 120 99983.3
6001 477 25161.4
6002 135 88918.5
6003 99 121273
6005 69 174058
6007 307 39133.6
6017 98 122796
6019 234 51444.4
6023 100 120460
6027 563 21410.3
6031 99 121838
6036 590 20461
6038 230 52504.3
6039 41 294585
6042 109 110862
6043 164 73695.1
6045 135 89555.6
6052 121 100033
6053 94 128787
6057 141 85914.9
6060 117 103590
6066 643 18867.8
6067 142 85450.7
6068 124 97871
6070 262 46335.9
6071 128 94859.4
6073 116 104707
6077 254 47850.4
6080 136 89411.8
6081 280 43435.7
6082 197 61746.2
6083 117 103983
6087 97 125505
6089 99 123010
6091 89 136876
6102 159 76754.7
6105 89 137191
6108 125 97728
6112 162 75456.8
6113 116 105397
6114 154 79402.6
6117 98 124837
6118 114 107333
6121 149 82161.1
6124 126 97206.3
6125 125 98000
6127 256 47867.2
6133 138 88884.1
6134 132 92939.4
6136 133 92270.7
6140 255 48156.9
6145 580 21189.7
6146 116 105966
6150 184 66847.8
6151 154 79883.1
6154 129 95410.9
6158 97 126969
6159 420 29328.6
6160 96 128333
6162 92 133957
6163 145 85006.9
6164 127 97070.9
6166 126 97873
6170 112 110179
6173 224 55116.1
6174 186 66387.1
6176 89 138787
6178 136 90852.9
6182 88 140500
6183 333 37135.1
6184 98 126204
6187 584 21188.4
6191 143 86587.4
6196 263 47117.9
6201 125 99216
6210 168 73928.6
6215 108 115093
6216 124 100258
6218 91 136659
6223 160 77787.5
6224 239 52083.7
6227 241 51676.3
6228 299 41658.9
6236 151 82596
6240 142 87887.3
6243 95 131432
6248 120 104133
6252 990 12630.3
6253 991 12619.6
6254 182 68725.3
6255 195 64153.8
6257 98 127694
6259 176 71125
6260 90 139111
6263 86 145651
6265 108 116019
6267 99 126606
6269 185 67773
6272 119 105412
6273 113 111027
6280 126 99682.5
6281 131 95893.1
6283 98 128224
6286 143 87916.1
6287 158 79582.3
6288 142 88563.4
6289 190 66200
6292 159 79144.7
6293 109 115468
6305 127 99291.3
6309 154 81935.1
6311 146 86452.1
6312 181 69745.9
6313 405 31175.3
6316 129 97922.5
6317 126 100270
6319 108 117019
6322 125 101152
6323 113 111912
6326 127 99622
6331 98 129204
6335 155 81741.9
6340 619 20484.7
6345 97 130825
6346 128 99156.2
6347 128 99171.9
6349 127 99984.3
6351 131 96961.8
6355 163 77975.5
6363 139 91554
6364 968 13148.8
6366 115 110713
6367 261 48789.3
6372 98 130041
6373 165 77248.5
6376 98 130122
6378 619 20607.4
6380 125 102080
6381 136 93838.2
6382 128 99718.8
6384 184 69391.3
6385 128 99765.6
6389 95 134505
6396 95 134653
6398 113 113239
6399 129 99209.3
6401 117 109419
6404 145 88331
6406 168 76261.9
6408 99 129455
6412 161 79652.2
6419 185 69394.6
6423 245 52432.7
6424 151 85086.1
6426 143 89874.1
6428 161 79850.9
6430 124 103710
6432 98 131265
6440 161 80000
6443 133 96887.2
6444 207 62260.9
6446 221 58334.8
6447 213 60535.2
6448 118 109288
6452 104 124077
6453 101 127782
6457 127 101685
6458 174 74229.9
6459 126 102524
6463 112 115411
6470 99 130707
6471 189 68476.2
6472 137 94481.8
6473 215 60214
6474 681 19013.2
6475 233 55579.4
6482 97 133649
6484 181 71646.4
6486 98 132367
6488 166 78168.7
6494 292 44479.5
6495 201 64626.9
6496 155 83819.4
6500 292 44520.5
6502 204 63745.1
6504 115 113113
6506 144 90361.1
6509 119 109395
6515 133 97969.9
6516 145 89875.9
6517 172 75779.1
6519 148 88094.6
6521 206 63310.7
6528 164 79609.8
6532 174 75080.5
6533 96 136104
6538 134 97582.1
6540 122 107213
6542 133 98375.9
6543 170 76976.5
6544 138 94840.6
6547 122 107328
6548 299 43799.3
6550 122 107377
6552 125 104832
6553 111 118072
6556 125 104896
6559 251 52262.9
6560 167 78562.9
6561 71 184817
6562 107 122654
6563 106 123830
6564 104 126231
6566 105 125067
6568 563 23332.1
6569 130 101062
6571 140 93871.4
6572 95 138358
6573 127 103512
6574 162 81160.5
6576 176 74727.3
6580 112 117500
6582 158 83316.5
6584 98 134367
6586 137 96146
6591 149 88469.8
6592 122 108066
6599 107 123346
6600 228 57894.7
6601 97 136103
6602 571 23124.3
6604 70 188686
6605 101 130792
6606 198 66727.3
6612 111 119135
6613 255 51866.7
6617 108 122537
6620 106 124906
6621 149 88872.5
6622 137 96671.5
6624 108 122667
6625 120 110417
6627 119 111378
6631 122 108705
6634 229 57938.9
6638 116 114448
6639 159 83509.4
6640 121 109752
6641 168 79059.5
6643 95 139853
6645 85 156353
6646 141 94269.5
6649 98 135694
6653 170 78270.6
6654 152 87552.6
6655 591 22521.2
6656 615 21645.5
6658 622 21408.4
6666 258 51674.4
6667 321 41538.9
6670 191 69842.9
6671 125 106736
6674 76 175632
6684 105 127314
6690 138 96956.5
6691 139 96273.4
6696 104 128769
6702 96 139625
6706 247 54299.6
6707 238 56361.3
6711 150 89480
6712 128 104875
6713 151 88913.9
6720 230 58434.8
6721 130 103400
6723 792 16977.3
6726 404 33297
6730 142 94788.7
6731 160 84137.5
6732 191 70492.1
6734 225 59857.8
6739 152 88671.1
6741 159 84792.5
6742 67 201254
6748 127 106268
6749 161 83838.5
6752 972 13893
6753 66 204636
6755 131 103130
6756 133 101594
6758 172 78581.4
6760 155 87225.8
6762 109 124073
6765 202 66980.2
6768 127 106583
6777 169 80201.2
6779 107 126710
6780 133 101955
6781 116 116914
6784 118 114983
6786 110 123382
6788 147 92353.7
6789 121 112215
6790 149 91140.9
6792 302 44980.1
6793 242 56140.5
6794 193 70404.1
6795 143 95035
6796 117 116171
6798 120 113300
6799 198 68676.8
6801 153 88902
6802 154 88337.7
6803 122 111525
6804 71 191662
6808 170 80094.1
6809 225 60524.4
6813 144 94625
6815 257 53035
6819 749 18208.3
6822 190 71810.5
6823 129 105783
6824 107 127551
6827 165 82751.5
6831 132 103500
6832 65 210215
6834 170 80400
6835 122 112049
6840 33 414545
6842 107 127888
6843 220 62209.1
6845 186 73602.2
6846 184 74413
6847 132 103742
6849 132 103773
6856 180 76177.8
6858 121 113355
6859 125 109744
6860 290 47310.3
6861 99 138606
6862 98 140041
6863 233 58909.9
6864 135 101689
6865 160 85812.5
6867 109 126000
6872 140 98171.4
6873 979 14040.9
6874 155 88696.8
6876 226 60849.6
6880 45 305778
6883 120 114717
6884 190 72463.2
6889 152 90644.7
6890 100 137800
6891 386 35704.7
6892 106 130038
6902 131 105374
6903 122 113164
6904 134 103045
6905 130 106231
6906 598 23097
6907 126 109635
6908 104 132846
6913 132 104742
6916 103 134291
6918 508 27236.2
6920 130 106462
6921 132 104864
6923 151 91695.4
6924 123 112585
6925 508 27263.8
6928 124 111742
6929 200 69290
6930 113 122655
6931 119 116487
6935 202 68663.4
6938 93 149204
6939 223 62233.2
6940 333 41681.7
6941 98 141653
6942 147 94449
6944 141 98496.5
6948 141 98553.2
6949 176 78965.9
6951 175 79440
6952 149 93315.4
6954 150 92720
6955 53 262453
6957 159 87509.4
6958 247 56340.1
6965 990 14070.7
6966 194 71814.4
6969 210 66371.4
6972 149 93583.9
6976 186 75010.8
6982 118 118339
6983 115 121443
6984 125 111744
6987 200 69870
6988 158 88455.7
6990 114 122632
6991 128 109234
6992 149 93852.3
6993 120 116550
6995 54 259074
6996 160 87450
6997 53 264038
6998 146 95863
6999 142 98577.5
7000 277 50541.5
7002 150 93360
7003 145 96593.1
7004 169 82887.6
7005 215 65162.8
7006 156 89820.5
7007 111 126252
7008 164 85463.4
7009 157 89286.6
7010 123 113984
7016 471 29791.9
7018 187 75058.8
7022 412 34087.4
7024 198 70949.5
7025 112 125446
7026 275 51098.2
7030 275 51127.3
7035 205 68634.1
7038 243 57925.9
7041 129 109163
7043 139 101338
7044 180 78266.7
7045 119 118403
7046 141 99943.3
7050 148 95270.3
7057 423 33366.4
7058 118 119627
7059 123 114780
7060 140 100857
7062 99 142667
7070 137 103212
7072 125 113152
7075 138 102536
7080 203 69753.7
7081 136 104132
7082 261 54268.2
7085 139 101942
7088 138 102725
7089 127 111638
7092 147 96489.8
7093 144 98513.9
7098 415 34207.2
7102 132 107606
7108 160 88850
7109 231 61549.8
7110 114 124737
7111 231 61567.1
7113 124 114726
7114 182 78175.8
7115 380 37447.4
7118 147 96843.5
7119 175 81360
7120 122 116721
7121 165 86315.2
7122 151 94331.1
7124 167 85317.4
7125 130 109615
7127 109 130771
7129 219 65105
7130 157 90828
7131 385 37044.2
7132 122 116918
7133 249 57293.2
7134 124 115065
7135 123 116016
7136 186 76731.2
7137 122 117000
7144 228 62666.7
7148 205 69736.6
7150 129 110853
7152 169 84639.1
7153 131 109206
7154 131 109221
7161 177 80915.3
7163 122 117426
7170 161 89068.3
7172 120 119533
7175 256 56054.7
7176 189 75936.5
7179 202 71079.2
7180 112 128214
7182 317 45312.3
7185 203 70788.2
7192 115 125078
7193 154 93415.6
7194 148 97216.2
7196 136 105824
7199 113 127416
7200 138 104348
7207 126 114397
7208 253 56980.2
7211 144 100153
7213 154 93675.3
7215 160 90187.5
7216 115 125496
7217 136 106132
7218 131 110198
7225 590 24491.5
7228 129 112062
7229 330 43812.1
7230 207 69855.1
7231 125 115696
7235 150 96466.7
7238 132 109667
7239 137 105679
7241 436 33215.6
7242 129 112279
7243 129 112295
7245 381 38031.5
7246 118 122814
7249 126 115063
7256 182 79736.3
7266 137 106073
7268 279 52100.4
7270 128 113594
7276 140 103943
7277 250 58216
7278 344 42314
7279 312 46660.3
7280 155 93935.5
7284 183 79606.6
7285 608 23963.8
7290 247 59028.3
7292 221 65991
7293 137 106467
7297 622 23463
7298 633 23058.5
7300 149 97986.6
7303 126 115921
7305 124 117823
7307 200 73070
7308 117 124923
7310 148 98783.8
7316 237 61738.4
7318 143 102350
7321 157 93261.1
7331 150 97746.7
7335 253 57984.2
7337 536 27376.9
7341 178 82483.1
7343 973 15093.5
7345 316 46487.3
7346 179 82078.2
7347 319 46062.7
7350 124 118548
7351 339 43368.7
7355 537 27392.9
7357 359 40986.1
7358 151 97457
7359 364 40434.1
7360 683 21552
7361 536 27466.4
7362 363 40562
7363 229 64305.7
7364 365 40350.7
7366 189 77947.1
7367 189 77957.7
7373 316 46664.6
7374 255 57835.3
7375 145 101724
7381 145 101807
7383 358 41245.8
7384 327 45162.1
7385 150 98466.7
7386 423 34922
7387 316 46753.2
7390 636 23239
7392 330 44800
7393 301 49122.9
7396 163 90748.5
7397 321 46087.2
7399 145 102055
7404 185 80043.2
7407 168 88178.6
7408 315 47034.9
7409 144 102903
7411 112 132339
7412 317 46763.4
7413 291 50948.5
7417 106 139943
7419 324 45796.3
7420 163 91042.9
7422 232 63982.8
7423 147 100993
7428 142 104620
7431 152 97776.3
7432 336 44238.1
7433 270 55059.3
7434 183 81245.9
7437 205 72556.1
7438 171 86994.2
7442 144 103361
7444 136 109471
7451 317 47009.5
7452 200 74520
7453 153 97424.8
7456 164 90926.8
7457 326 45748.5
7461 145 102910
7463 139 107381
7464 144 103667
7465 148 100878
7466 361 41362.9
7468 132 113152
7471 162 92234.6
7472 137 109080
7474 142 105268
7475 153 97712.4
7483 237 63147.7
7486 344 43523.3
7487 146 102562
7488 139 107741
7490 328 45670.7
7492 374 40064.2
7496 219 68456.6
7497 328 45713.4
7499 252 59515.9
7504 401 37426.4
7505 151 99404
7506 302 49708.6
7507 157 95630.6
7508 158 95038
7509 180 83433.3
7511 880 17070.5
7518 175 85920
7519 146 103000
7520 215 69953.5
7522 144 104472
7524 155 97083.9
7525 406 37069
7526 314 47936.3
7528 186 80946.2
7529 197 76436.5
7530 139 108345
7532 300 50213.3
7533 157 95961.8
7535 131 115038
7537 130 115954
7539 130 115985
7542 369 40878
7544 198 76202
7545 138 109348
7548 146 103397
7549 154 98039
7550 133 113534
7551 154 98064.9
7555 322 46925.5
7557 273 55362.6
7558 132 114515
7563 308 49110.4
7566 133 113774
7568 868 17437.8
7569 133 113820
7570 148 102297
7575 130 116538
7576 129 117457
7577 192 78927.1
7579 141 107504
7580 140 108286
7581 146 103849
7583 197 76984.8
7585 182 83351.6
7586 185 82010.8
7587 131 115832
7590 196 77449
7591 193 78663.2
7592 310 48980.6
7594 130 116831
7596 105 144686
7597 138 110101
7598 198 76747.5
7599 633 24009.5
7600 141 107801
7603 352 43198.9
7605 141 107872
7607 147 103497
7610 133 114436
7613 180 84588.9
7628 144 105944
7630 156 97820.5
7635 140 109071
7637 128 119328
7638 156 97923.1
7640 149 102550
7641 134 114045
7642 155 98606.5
7645 210 72809.5
7649 135 113319
7655 313 48913.7
7668 437 35093.8
7671 139 110374
7675 348 44109.2
7676 150 102347
7682 153 100418
7683 153 100431
7684 154 99792.2
7686 217 70838.7
7689 132 116500
7690 176 87386.4
7695 148 103986
7697 156 98679.5
7698 397 38780.9
7699 576 26732.6
7700 213 72300.5
7701 332 46391.6
7704 208 74076.9
7705 325 47415.4
7706 176 87568.2
7707 136 113338
7708 133 115910
7713 585 26369.2
7714 129 119597
7718 169 91337.3
7719 299 51632.1
7721 139 111094
7723 195 79210.3
7724 164 94195.1
7727 177 87310.7
7732 146 105918
7733 198 78111.1
7737 140 110529
7738 318 48666.7
7739 186 83215.1
7740 174 88965.5
7741 128 120953
7745 426 36361.5
7748 133 116511
7750 199 77889.4
7752 160 96900
7753 650 23855.4
7754 334 46431.1
7755 159 97547.2
7757 148 104824
7761 298 52087.2
7764 155 100181
7766 139 111741
7769 148 104986
7770 240 64750
7771 139 111813
7775 166 93674.7
7777 147 105810
7778 128 121531
7779 448 34727.7
7783 171 91029.2
7785 319 48808.8
7789 156 99859
7791 145 107462
7795 153 101895
7796 158 98683.5
7797 542 28771.2
7798 420 37133.3
7799 293 53235.5
7800 156 100000
7802 184 84804.3
7803 241 64755.2
7805 164 95182.9
7806 188 83042.6
7808 159 98213.8
7812 308 50727.3
7814 279 56014.3
7815 253 61778.7
7817 227 68872.2
7819 142 110127
7822 143 109399
7825 153 102288
7826 134 116806
7828 149 105074
7829 226 69283.2
7832 159 98515.7
7833 361 43396.1
7835 198 79141.4
7836 144 108833
7837 305 51390.2
7838 148 105919
7839 151 103828
7844 19 825684
7845 143 109720
7848 174 90206.9
7852 141 111376
7854 140 112200
7855 235 66851.1
7861 143 109944
7862 225 69884.4
7867 393 40035.6
7871 171 92058.5
7872 153 102902
7873 195 80748.7
7874 150 104987
7878 232 67913.8
7879 350 45022.9
7880 142 110986
7890 297 53131.3
7895 412 38325.2
7899 136 116162
7904 159 99421.4
7905 340 46500
7909 969 16324
7913 169 93645
7915 128 123672
7920 152 104211
7922 202 78435.6
7923 36 440167
7924 177 89536.7
7927 349 45426.9
7928 142 111662
7929 211 75156.4
7933 145 109421
7934 145 109434
7936 59 269017
7937 146 108726
7942 246 64569.1
7943 166 95698.8
7944 149 106631
7945 168 94583.3
7949 183 86874.3
7950 133 119549
7953 361 44060.9
7954 192 82854.2
7956 126 126286
7959 9 1.76867e+06
7961 216 73713
7962 167 95353.3
7969 974 16363.4
7973 189 84370.4
7974 333 47891.9
7975 313 50958.5
7976 652 24466.3
7977 196 81398
7979 49 325673
7980 718 22228.4
7981 646 24709
7983 191 83591.6
7989 194 82360.8
7990 166 96265.1
7992 161 99279.5
7994 204 78372.5
7998 368 43467.4
8001 149 107396
8003 189 84687.8
8004 9 1.77867e+06
8005 292 54828.8
8007 196 81704.1
8009 152 105382
8016 136 117882
8018 172 93232.6
8024 143 112224
8026 146 109945
8036 605 26565.3
8037 47 342000
8039 201 79990
8041 161 99888.2
8042 149 107946
8043 246 65390.2
8044 127 126677
8045 169 95207.1
8046 142 113324
8047 143 112545
8049 129 124791
8053 270 59651.9
8058 548 29408.8
8059 160 100738
8060 173 93179.2
8061 173 93190.8
8062 184 87630.4
8064 164 98341.5
8069 174 92747.1
8071 351 45988.6
8073 173 93329.5
8074 159 101560
8075 161 100311
8076 169 95574
8077 314 51445.9
8079 157 102917
8080 332 48674.7
8081 168 96202.4
8083 277 58361
8085 207 78115.9
8088 152 106421
8089 234 69136.8
8092 145 111614
8094 165 98109.1
8096 143 113231
8099 38 426263
8103 331 48960.7
8105 203 79852.2
8107 256 63335.9
8108 173 93734.1
8109 180 90100
8113 151 107457
8114 181 89657.5
8116 436 37229.4
8119 618 26275.1
8122 235 69123.4
8123 160 101538
8124 173 93919.1
8125 650 25000
8129 150 108387
8130 292 55684.9
8131 232 70094.8
8134 147 110667
8136 267 60943.8
8137 145 112234
8141 286 56930.1
8142 423 38496.5
8144 288 56555.6
8145 937 17385.3
8147 180 90522.2
8148 155 105135
8151 306 53274.5
8155 149 109463
8157 142 114887
8158 257 63486.4
8160 367 44468.7
8163 160 102038
8164 143 114182
8167 266 61406
8168 142 115042
8170 147 111156
8171 247 66161.9
8173 307 53244.3
8177 229 71414.8
8180 265 61735.8
8181 75 218160
8184 379 43187.3
8192 142 115380
8193 293 55924.9
8195 341 48064.5
8198 151 108583
8202 138 118870
8204 165 99442.4
8206 166 98867.5
8207 289 56795.8
8208 186 88258.1
8209 369 44493.2
8210 179 91731.8
8211 127 129307
8212 229 71720.5
8214 177 92813.6
8215 216 76064.8
8216 176 93363.6
8218 138 119101
8219 294 55911.6
8220 208 79038.5
8221 178 92370.8
8222 212 77566
8225 204 80637.3
8226 556 29589.9
8227 184 89423.9
8230 32 514375
8231 43 382837
8234 213 77314.6
8238 191 86261.8
8239 353 46679.9
8241 215 76660.5
8243 195 84543.6
8245 183 90109.3
8249 189 87291
8250 174 94827.6
8251 170 97070.6
8254 331 49873.1
8261 172 96058.1
8263 145 113972
8264 501 32990
8267 227 72837
8268 511 32360.1
8271 150 110280
8272 154 107429
8273 154 107442
8275 199 83165.8
8277 155 106800
8279 386 42896.4
8282 161 102882
8283 175 94662.9
8285 248 66814.5
8286 347 47757.9
8287 334 49622.8
8293 275 60312.7
8295 338 49082.8
8297 159 104365
8298 181 91690.6
8301 183 90721.3
8303 188 88329.8
8305 189 87883.6
8306 235 70689.4
8311 204 81480.4
8312 175 94994.3
8313 118 140898
8315 200 83150
8316 144 115500
8319 238 69907.6
8320 166 100241
8321 234 71119.7
8322 128 130031
8326 313 53201.3
8327 302 55145.7
8328 143 116476
8330 210 79333.3
8331 168 99178.6
8333 183 91071
8334 149 111866
8336 179 93139.7
8337 146 114205
8338 214 77925.2
8341 177 94248.6
8346 150 111280
8349 583 28641.5
8353 348 48005.7
8357 110 151945
8360 142 117746
8361 193 86642.5
8362 162 103235
8364 190 88042.1
8366 175 95611.4
8367 185 90454.1
8372 203 82482.8
8373 137 122234
8374 224 74767.9
8376 151 110940
8379 231 72545.5
8383 86 194953
8384 311 53916.4
8385 209 80239.2
8386 220 76236.4
8388 74 226703
8390 189 88783.1
8400 37 454054
8401 179 93865.9
8404 318 52855.3
8405 191 88010.5
8406 346 48589.6
8407 219 76776.3
8409 157 107121
8410 190 88526.3
8412 180 93466.7
8413 171 98397.7
8414 31 542839
8417 152 110750
8418 160 105225
8421 139 121165
8422 655 25716
8423 190 88663.2
8426 259 65065.6
8427 254 66354.3
8429 364 46313.2
8430 348 48448.3
8431 206 81854.4
8433 231 73013
8434 190 88778.9
8436 170 99247.1
8438 137 123182
8439 342 49350.9
8441 177 95378.5
8443 144 117264
8445 143 118112
8451 255 66282.4
8454 147 115020
8455 107 158037
8470 309 54822
8472 312 54307.7
8473 301 56299
8475 97 174742
8477 571 29691.8
8478 343 49434.4
8479 191 88785.3
8480 168 100952
8482 167 101581
8483 257 66015.6
8492 162 104840
8494 315 53930.2
8496 247 68793.5
8497 320 53106.2
8499 314 54133.8
8501 307 55381.1
8505 179 95027.9
8506 206 82582.5
8507 340 50041.2
8509 357 47669.5
8511 347 49054.8
8513 197 86426.4
8514 351 48512.8
8515 184 92554.3
8517 346 49231.2
8518 208 81903.8
8519 201 84766.2
8520 168 101429
8522 235 72527.7
8523 45 378800
8524 189 90201.1
8525 372 45833.3
8530 162 105309
8533 276 61833.3
8534 181 94298.3
8538 367 46528.6
8547 167 102359
8549 79 216430
8552 127 134677
8553 164 104305
8554 252 67888.9
8555 262 65305.3
8556 179 95597.8
8557 196 87316.3
8560 130 131692
8563 337 50819
8564 327 52379.2
8565 190 90157.9
8566 328 52231.7
8568 303 56554.5
8569 362 47342.5
8571 157 109185
8577 549 31245.9
8580 148 115946
8581 411 41756.7
8582 59 290915
8586 193 88974.1
8587 161 106671
8591 294 58442.2
8593 301 57096.3
8594 51 337020
8595 295 58271.2
8602 309 55676.4
8603 185 93005.4
8604 295 58332.2
8607 200 86070
8611 211 81620.9
8612 163 105669
8618 150 114907
8619 259 66556
8621 312 55262.8
8622 174 99103.4
8623 313 55099
8624 173 99699.4
8630 226 76371.7
8634 167 103401
8636 150 115147
8642 213 81145.5
8643 287 60230
8645 247 70000
8648 175 98834.3
8649 187 92502.7
8653 195 88748.7
8654 179 96692.7
8655 531 32598.9
8656 702 24661
8658 200 86580
8659 720 24052.8
8663 364 47598.9
8664 189 91682.5
8665 180 96277.8
8667 176 98488.6
8668 315 55034.9
8670 653 26554.4
8671 646 26845.2
8678 190 91347.4
8682 162 107185
8683 217 80027.6
8684 153 113516
8685 253 68656.1
8686 315 55149.2
8687 234 74247.9
8690 196 88673.5
8691 228 76236.8
8697 151 115192
8699 118 147441
8700 205 84878
8704 73 238466
8705 441 39478.5
8707 321 54249.2
8708 307 56729.6
8709 189 92158.7
8711 245 71110.2
8714 388 44917.5
8715 165 105636
8718 170 102565
8727 104 167827
8728 187 93347.6
8732 166 105205
8733 171 102140
8737 695 25142.4
8751 226 77442.5
8759 157 111580
8760 297 58989.9
8762 26 674000
8765 143 122587
8767 569 30815.5
8769 354 49542.4
8770 41 427805
8773 190 92347.4
8774 318 55182.4
8775 196 89540.8
8777 290 60531
8780 239 73472.8
8781 222 79108.1
8783 182 96516.5
8785 237 74135
8786 179 98167.6
8787 147 119551
8788 152 115632
8790 234 75128.2
8792 28 628000
8793 234 75153.8
8794 118 149051
8797 342 51444.4
8798 180 97755.6
8807 110 160127
8809 391 45058.8
8810 197 89441.6
8812 157 112255
8814 212 83150.9
8815 185 95297.3
8818 182 96901.1
8822 259 68123.6
8823 250 70584
8824 167 105677
8826 313 56396.2
8828 346 51028.9
8829 290 60889.7
8830 299 59063.5
8833 28 630929
8834 155 113987
8836 310 57006.5
8838 291 60742.3
8839 71 248986
8840 184 96087
8843 59 299763
8846 586 30191.1
8847 257 68848.2
8848 296 59783.8
8849 378 46820.1
8850 202 87623.8
8851 255 69419.6
8854 322 54993.8
8855 313 56581.5
8859 191 92764.4
8860 286 61958
8863 199 89075.4
8864 247 71773.3
8866 153 115895
8868 200 88680
8872 405 43812.3
8873 315 56336.5
8875 339 52359.9
8881 192 92510.4
8882 281 63217.1
8884 383 46391.6
8885 47 378085
8895 261 68160.9
8901 188 94691.5
8903 332 53632.5
8906 19 937474
8907 176 101216
8908 213 83643.2
8909 303 58805.3
8910 171 104211
8912 187 95315.5
8918 169 105538
8920 278 64172.7
8921 252 70801.6
8923 146 122233
8924 195 91528.2
8926 279 63985.7
8927 199 89718.6
8930 112 159464
8932 453 39434.9
8935 197 90710.7
8937 194 92134
8938 72 248278
8939 343 52122.4
8940 324 55185.2
8941 194 92175.3
8942 331 54030.2
8943 187 95647.1
8944 185 96691.9
8949 336 53267.9
8952 226 79221.2
8954 264 67833.3
8955 348 51465.5
8956 289 61979.2
8958 353 50753.5
8960 74 242162
8964 194 92412.4
8965 321 55856.7
8966 85 210965
8967 328 54676.8
8970 322 55714.3
8971 332 54042.2
8972 269 66706.3
8976 671 26754.1
8978 210 85504.8
8979 458 39209.6
8982 154 116649
8984 213 84356.8
8986 181 99292.8
8991 178 101022
8992 165 108994
8994 149 120725
8995 298 60369.1
8997 146 123247
8998 255 70572.5
8999 523 34413
9015 753 23944.2
9017 71 254000
9018 181 99646.4
9019 228 79114
9020 150 120267
9022 216 83537
9023 168 107417
9024 20 902400
9025 317 56940.1
9026 273 66124.5
9027 325 55550.8
9031 307 58833.9
9034 153 118092
9035 303 59637
9039 132 136955
9045 289 62595.2
9046 474 38168.8
9051 55 329127
9052 245 73893.9
9053 110 164600
9054 225 80480
9060 161 112547
9062 309 58653.7
9067 264 68689.4
9070 69 262899
9071 216 83990.7
9072 394 46050.8
9073 34 533706
9074 178 101955
9077 94 193128
9078 284 63929.6
9080 284 63943.7
9081 245 74130.6
9083 274 66299.3
9085 240 75708.3
9087 168 108179
9090 389 46735.2
9093 283 64261.5
9096 289 62948.1
9098 332 54807.2
9101 331 54990.9
9107 187 97401.1
9109 242 75281
9110 285 63929.8
9113 267 68262.2
9120 338 53964.5
9121 185 98605.4
9126 158 115519
9132 170 107435
9135 212 86179.2
9138 349 52366.8
9140 182 100440
9144 178 102742
9148 293 62443.7
9149 221 82796.4
9151 204 89715.7
9156 186 98451.6
9160 167 109701
9161 192 95427.1
9162 220 83290.9
9166 374 49016
9170 262 70000
9172 286 64139.9
9174 9 2.03867e+06
9181 301 61003.3
9182 125 146912
9186 229 80227.1
9190 176 104432
9191 168 109417
9195 425 43270.6
9200 533 34521.6
9203 200 92030
9204 273 67428.6
9207 33 558000
9208 167 110275
9211 194 94958.8
9212 31 594323
9215 9 2.04778e+06
9216 319 57780.6
9218 346 53283.2
9220 199 92663.3
9221 312 59109
9223 72 256194
9226 8 2306500
9227 8 2306750
9231 292 63226
9233 343 53836.7
9236 211 87545
9237 218 84743.1
9239 213 86751.2
9242 178 103843
9246 217 85216.6
9247 68 271971
9248 8 2312000
9249 254 72826.8
9250 339 54572.3
9252 332 55734.9
9253 515 35934
9255 287 64494.8
9259 180 102878
9273 244 76008.2
9274 58 319793
9275 444 41779.3
9277 174 106632
9278 283 65568.9
9279 330 56236.4
9280 418 44401.9
9282 343 54122.4
9286 168 110548
9293 189 98338.6
9295 289 64325.3
9299 353 52685.6
9301 95 195811
9303 286 65055.9
9308 178 104584
9309 298 62476.5
9311 276 67471
9312 328 56780.5
9313 296 62925.7
9315 8 2328750
9318 279 66795.7
9319 225 82835.6
9320 360 51777.8
9322 525 35512.4
9324 337 55335.3
9325 292 63869.9
9326 132 141303
9328 185 100843
9329 175 106617
9331 290 64351.7
9333 13 1.43585e+06
9337 186 100398
9338 196 95285.7
9340 33 566061
9341 169 110544
9342 208 89826.9
9345 301 62093
9346 197 94883.2
9348 80 233700
9349 179 104458
9350 293 63822.5
9351 35 534343
9352 81 230914
9353 327 57204.9
9354 165 113382
9356 329 56875.4
9360 112 167143
9361 270 69340.7
9363 352 53198.9
9364 278 67366.9
9366 331 56592.1
9369 4 4684500
9371 211 88824.6
9372 190 98652.6
9373 206 91000
9374 58 323241
9375 201 93283.6
9376 318 58968.6
9377 296 63358.1
9382 169 111030
9383 59 318068
9384 285 65852.6
9391 200 93910
9392 384 48916.7
9393 21 894571
9394 288 65236.1
9397 295 63708.5
9398 186 101054
9399 189 99460.3
9400 191 98429.3
9401 258 72876
9402 190 98968.4
9403 175 107463
9404 299 62903
9407 311 60495.2
9408 239 78728
9409 259 72656.4
9411 250 75288
9413 259 72687.3
9419 279 67519.7
9425 295 63898.3
9427 340 55452.9
9428 0 55452.9
9429 290 65027.6
9430 118 159831
9431 1 18862000
9435 293 64402.7
9436 700 26960
9438 207 91188.4
9439 184 102598
9441 319 59191.2
9442 284 66493
9443 303 62330
9445 237 79704.6
9448 290 65158.6
9449 351 53840.5
9452 167 113198
9454 18 1.05044e+06
9462 221 85629
9466 292 64835.6
9471 538 35208.2
9472 18 1.05244e+06
9477 258 73465.1
9478 41 462341
9479 196 96724.5
9484 285 66554.4
9486 316 60038
9491 695 27312.2
9495 56 339107
9498 52 365308
9499 52 365346
9504 317 59962.1
9506 33 576121
9507 284 66950.7
9508 293 64901
9511 425 44757.6
9514 336 56631
9517 29 656345
9518 307 62006.5
9520 78 244103
9521 283 67286.2
9523 185 102951
9524 142 134141
9527 438 43502.3
9529 186 102462
9530 144 132361
9532 187 101947
9533 211 90360.2
9534 282 67617
9535 66 288939
9537 193 98829
9538 74 257784
9543 336 56803.6
9545 273 69926.7
9546 342 55824.6
9548 284 67239.4
9549 302 63238.4
9550 184 103804
9551 309 61818.8
9554 212 90132.1
9555 656 29131.1
9556 269 71048.3
9560 314 60891.7
9562 322 59391.3
9564 278 68805.8
9565 266 71917.3
9566 272 70338.2
9570 186 102903
9571 258 74193.8
9573 376 50920.2
9574 302 63404
9575 130 147308
9577 581 32967.3
9584 222 86342.3
9588 229 83738
9589 265 72369.8
9590 288 66597.2
9591 185 103686
9595 174 110287
9596 465 41273.1
9599 283 67837.5
9600 28 685714
9601 275 69825.5
9602 384 50010.4
9604 255 75325.5
9607 92 208848
9608 275 69876.4
9618 289 66560.6
9619 122 157689
9620 346 55606.9
9621 158 121785
9622 261 73731.8
9624 279 68989.2
9625 174 110632
9627 180 106967
9628 542 35527.7
9629 72 267472
9634 296 65094.6
9635 212 90896.2
9638 82 235073
9639 24 803250
9640 466 41373.4
9642 175 110194
9644 170 113459
9646 201 95980.1
9647 364 53005.5
9652 32 603250
9653 53 364264
9654 514 37564.2
9656 525 36784.8
9658 329 58711.2
9659 63 306635
9663 213 90732.4
9664 164 117854
9667 214 90345.8
9675 252 76785.7
9683 54 358630
9684 77 251532
9685 292 66335.6
9693 58 334241
9699 181 107171
9704 361 53761.8
9705 61 318197
9708 368 52760.9
9709 232 83698.3
9713 304 63901.3
9715 604 32168.9
9717 201 96686.6
9721 200 97210
9722 217 89603.7
9724 263 73946.8
9729 194 100299
9732 77 252779
9733 189 102995
9735 272 71580.9
9738 187 104150
9739 220 88536.4
9749 51 382314
9750 174 112069
9751 300 65006.7
9753 147 132694
9754 174 112115
9755 300 65033.3
9758 204 95666.7
9768 470 41566
9769 272 71830.9
9770 395 49468.4
9772 82 238341
9774 214 91345.8
9776 212 92226.4
9783 207 94521.7
9785 250 78280
9786 416 47048.1
9792 211 92815.2
9793 53 369547
9796 199 98452.3
9798 354 55355.9
9804 455 43094.5
9806 133 147459
9808 136 144235
9812 326 60196.3
9813 331 59293.1
9815 196 100153
9816 366 53639.3
9818 304 64592.1
9820 53 370566
9823 176 111625
9830 260 75615.4
9832 308 63844.2
9835 166 118494
9838 213 92375.6
9839 156 126141
9856 207 95227.1
9859 251 78557.8
9863 77 256182
9865 305 64688.5
9866 35 563771
9869 214 92233.6
9872 223 88538.1
9874 373 52943.7
9877 84 235167
9879 189 104540
9881 379 52142.5
9885 209 94593.3
9890 213 92863.8
9891 688 28752.9
9892 338 58532.5
9893 205 96517.1
9897 735 26930.6
9898 247 80145.7
9901 384 51567.7
9902 314 63070.1
9906 373 53115.3
9908 199 99577.9
9911 165 120133
9920 314 63184.7
9921 91 218044
9923 76 261132
9924 200 99240
9931 215 92381.4
9933 518 38351.4
9934 172 115512
9936 243 81777.8
9937 244 81450.8
9938 79 251595
9940 201 98905.5
9941 181 109845
9943 77 258260
9944 382 52062.8
9945 179 111117
9946 77 258338
9949 343 58011.7
9951 215 92567.4
9956 252 79015.9
9957 342 58228.1
9958 308 64662.3
9960 332 60000
9961 184 108272
9962 338 58946.7
9964 318 62666.7
9974 271 73608.9
9981 221 90325.8
9982 163 122479
9985 84 237738
9987 162 123296
9989 68 293794
9994 195 102503
10002 221 90515.8
10005 354 56525.4
10009 154 129987
10023 73 274603
10031 186 107860
10035 220 91227.3
10047 284 70753.5
10051 292 68842.5
10054 276 72855.1
10055 67 300149
10062 362 55591.2
10063 202 99633.7
10074 329 61240.1
10083 45 448133
10088 220 91709.1
10094 71 284338
10102 69 292812
10105 30 673667
10106 43 470047
10108 410 49307.3
10110 423 47801.4
10115 214 94532.7
10118 169 119740
10119 409 49481.7
10127 199 101779
10133 243 83399.2
10141 211 96123.2
10143 176 115261
10144 173 117272
10148 173 117318
10149 78 260231
10151 361 56238.2
10156 46 441565
10158 138 147217
10160 629 32305.2
10186 174 117080
10187 183 111333
10195 217 93963.1
10204 599 34070.1
10208 370 55178.4
10215 77 265325
10219 349 58561.6
10228 194 105443
10230 211 96966.8
10233 294 69612.2
10237 181 113116
10241 183 111923
10247 266 77045.1
10249 379 54084.4
10251 316 64879.7
10255 209 98134
10262 507 40481.3
10265 204 100637
10267 290 70806.9
10269 176 116693
10271 178 115404
10274 90 228311
10277 74 277757
10278 294 69918.4
10279 74 277811
10287 248 82959.7
10290 248 82983.9
10291 200 102910
10292 376 54744.7
10293 77 267351
10294 199 103457
10301 201 102498
10303 203 101507
10305 277 74404.3
10309 187 110257
10311 227 90845.8
10315 190 108579
10321 233 88592.3
10323 86 240070
10324 644 32062.1
10329 229 90209.6
10333 231 89463.2
10334 256 80734.4
10336 195 106010
10337 201 102856
10338 215 96167.4
10340 171 120936
10341 247 83732.8
10342 224 92339.3
10353 223 92852
10357 206 100553
10366 434 47769.6
10373 169 122757
10374 423 49049.6
10376 217 95631.3
10378 243 85415.6
10382 296 70148.6
10387 163 127448
10389 265 78407.5
10391 56 371107
10393 253 82158.1
10398 308 67519.5
10399 187 111219
10400 197 105584
10401 587 35437.8
10413 183 113803
10414 390 53405.1
10415 219 95114.2
10419 219 95150.7
10422 236 88322
10424 228 91438.6
10425 233 89485
10426 203 102719
10427 251 83083.7
10429 156 133705
10431 747 27927.7
10434 263 79346
10436 223 93596.4
10441 232 90008.6
10442 187 111679
10448 195 107159
10454 545 38363.3
10457 315 66393.7
10458 616 33954.5
10460 304 68815.8
10463 180 116256
10465 218 96009.2
10473 300 69820
10474 198 105798
10480 262 80000
10483 224 93598.2
10486 318 65949.7
10487 137 153095
10488 233 90025.8
10489 138 152014
10490 306 68562.1
10491 310 67683.9
10494 348 60310.3
10495 203 103399
10496 352 59636.4
10497 243 86395.1
10500 222 94594.6
10503 208 100990
10505 225 93377.8
10506 280 75042.9
10507 220 95518.2
10509 145 144952
10516 232 90655.2
10519 220 95627.3
10521 212 99254.7
10535 520 40519.2
10536 329 64048.6
10537 210 100352
10549 252 83722.2
10551 348 60637.9
10555 202 104505
10557 348 60672.4
10559 210 100562
10567 324 65228.4
10570 161 131304
10574 318 66503.1
10577 213 99314.6
10580 316 66962
10583 267 79273.4
10588 222 95387.4
10589 202 104842
10590 199 106432
10591 416 50918.3
10592 200 105920
10593 231 91714.3
10602 152 139500
10603 156 135936
10606 259 81899.6
10608 529 40105.9
10609 226 93885
10610 151 140530
10616 694 30593.7
10621 575 36942.6
10623 318 66811.3
10631 188 113096
10632 212 100302
10634 214 99383.2
10640 188 113191
10645 184 115707
10647 183 116361
10652 185 115157
10653 220 96845.5
10654 187 113947
10656 283 75307.4
10664 319 66858.9
10666 253 84316.2
10678 248 86112.9
10684 8 2671000
10688 691 30934.9
10690 192 111354
10691 297 71993.3
10692 680 31447.1
10695 518 41293.4
10696 210 101867
10698 304 70381.6
10699 625 34236.8
10706 563 38032
10708 769 27849.2
10710 194 110412
10715 327 65535.2
10717 284 75471.8
10723 202 106168
10725 193 111140
10729 687 31234.4
10734 253 84853.8
10735 206 104223
10736 150 143147
10740 290 74069
10743 465 46206.5
10744 149 144215
10748 216 99518.5
10750 12 1.79167e+06
10751 194 110835
10754 197 109178
10756 613 35093
10760 196 109796
10769 286 75307.7
10772 238 90521
10774 316 68189.9
10776 293 73556.3
10777 261 82582.4
10780 788 27360.4
10781 320 67381.2
10782 208 103673
10783 294 73353.7
10785 275 78436.4
10788 145 148800
10789 301 71687.7
10795 195 110718
10796 333 64840.8
10797 289 74719.7
10798 338 63893.5
10799 151 143033
10800 344 62790.7
10802 309 69915.9
10803 187 115540
10804 155 139406
10805 338 63934.9
10806 360 60033.3
10807 345 62649.3
10810 312 69294.9
10816 21 1.0301e+06
10817 20 1081700
10828 194 111629
10829 229 94576.4
10832 38 570105
10835 234 92606.8
10836 210 103200
10837 200 108370
10839 282 76872.3
10840 241 89958.5
10841 198 109505
10843 728 29788.5
10845 223 97264.6
10848 200 108480
10850 265 81886.8
10852 198 109616
10856 290 74869
10859 223 97390.1
10862 193 112560
10863 473 45932.3
10864 198 109737
10866 195 111446
10867 210 103495
10869 313 69450.5
10871 350 62120
10874 737 29508.8
10875 326 66717.8
10880 343 63440.2
10882 189 115153
10883 206 105660
10886 195 111651
10888 188 115830
10889 191 114021
10890 189 115238
10894 231 94320.3
10895 286 76188.8
10896 196 111184
10899 235 92757.4
10901 203 107399
10904 183 119169
10905 284 76795.8
10907 206 105893
10911 239 91305.4
10912 194 112495
10917 250 87336
10918 246 88764.2
10919 699 31241.8
10920 87 251034
10922 211 103526
10925 288 75868.1
10926 236 92593.2
10930 186 117527
10931 932 23457.1
10932 990 22084.8
10936 205 106693
10938 210 104171
10943 417 52484.4
10946 187 117070
10948 88 248818
10949 683 32061.5
10950 269 81412.6
10957 466 47025.8
10962 221 99203.6
10968 260 84369.2
10969 187 117316
10970 609 36026.3
10973 859 25548.3
10974 205 107063
10977 94 233553
10978 200 109780
10981 220 99827.3
10985 210 104619
10986 208 105635
10993 288 76340.3
10994 284 77422.5
11002 268 82104.5
11003 189 116434
11011 282 78092.2
11014 496 44411.3
11015 223 98789.2
11019 220 100173
11020 264 83484.8
11023 198 111343
11024 219 100676
11025 208 106010
11029 205 107600
11030 193 114301
11033 22 1003000
11039 182 121308
11040 426 51831
11042 182 121341
11044 182 121363
11048 191 115686
11049 410 53897.6
11053 203 108897
11054 196 112796
11057 295 74962.7
11058 201 110030
11060 54 409630
11061 707 31290
11068 199 111236
11071 28 790786
11076 302 73351
11078 200 110780
11081 201 110259
11084 198 111960
11085 194 114278
11086 143 155049
11087 149 148819
11088 194 114309
11091 149 148872
11093 269 82475.8
11096 309 71818.8
11097 592 37489.9
11098 272 81602.9
11100 146 152055
11101 616 36042.2
11103 199 111588
11104 472 47050.8
11105 200 111050
11106 599 37081.8
11107 994 22348.1
11108 304 73078.9
11109 305 72845.9
11112 410 54204.9
11113 218 101954
11115 190 117000
11118 187 118909
11121 202 110109
11123 215 103470
11127 208 106990
11128 225 98915.6
11131 990 22486.9
11133 597 37296.5
11134 497 44804.8
11137 8 2784250
11139 611 36461.5
11140 371 60053.9
11141 430 51818.6
11144 191 116691
11145 244 91352.5
11146 198 112586
11147 257 86747.1
11148 225 99093.3
11151 159 140264
11154 209 106737
11155 192 116198
11158 476 46882.4
11159 223 100081
11163 310 72019.4
11166 184 121370
11170 375 59573.3
11172 241 92713.7
11173 317 70492.1
11184 151 148132
11190 582 38453.6
11191 892 25091.9
11197 201 111413
11200 205 109268
11202 357 62756.3
11205 197 113756
11207 206 108806
11212 77 291221
11219 792 28330.8
11222 984 22808.9
11228 280 80200
11229 437 51391.3
11231 363 61878.8
11232 191 117613
11239 203 110729
11241 225 99920
11246 230 97791.3
11247 365 61627.4
11254 190 118463
11255 333 67597.6
11256 335 67200
11259 210 107229
11262 234 96256.4
11265 580 38844.8
11269 366 61579.2
11272 352 64045.5
11274 359 62807.8
11276 327 68966.4
11278 437 51615.6
11281 190 118747
11284 218 103523
11288 163 138503
11289 166 136012
11292 49 460898
11298 256 88265.6
11299 200 112990
11306 197 114782
11313 292 77486.3
11317 252 89817.5
11320 227 99735.7
11321 195 116113
11323 214 105822
11330 186 121828
11333 380 59647.4
11337 192 118094
11349 152 149329
11353 271 83786
11357 76 298868
11360 970 23422.7
11361 198 114758
11363 549 41395.3
11365 524 43377.9
11373 292 77897.3
11376 151 150675
11377 200 113770
11381 189 120434
11389 216 105454
11390 147 154966
11391 175 130183
11395 174 130977
11396 94 242468
11400 157 145223
11401 157 145236
11403 49 465429
11407 30 760467
11408 30 760533
11429 107 213626
11435 108 211759
11440 415 55132.5
11441 257 89035
11458 294 77945.6
11460 318 72075.5
11463 227 100996
11465 297 77205.4
11483 234 98145.3
11484 452 50814.2
11492 291 78982.8
11506 227 101374
11527 210 109781
11528 239 96468.6
11529 289 79785.5
11531 170 135659
11532 175 131794
11547 317 72851.7
11549 212 108953
11551 25 924080
11552 321 71975.1
11554 278 83122.3
11558 312 74089.7
11563 251 92135.5
11569 217 106627
11581 34 681235
11592 270 85866.7
11595 344 67412.8
11601 56 414321
11604 332 69903.6
11607 412 56344.7
11611 239 97163.2
11617 318 73062.9
11620 357 65098
11626 472 49262.7
11636 318 73182.4
11638 199 116965
11639 367 63427.8
11642 281 82861.2
11646 339 68708
11647 167 139485
11648 244 95475.4
11649 167 139509
11652 170 137082
11653 167 139557
11661 190 122747
11666 728 32049.5
11667 277 84238.3
11669 177 131853
11670 318 73396.2
11673 176 132648
11674 812 28753.7
11699 320 73118.8
11703 317 73836
11709 373 62782.8
11713 179 130872
11715 266 88082.7
11717 186 125989
11722 302 77629.1
11730 324 72407.4
11731 232 101129
11747 218 107771
11749 311 75556.3
11762 201 117035
11764 361 65174.5
11765 196 120051
11766 362 65005.5
11769 314 74961.8
11781 298 79067.1
11785 334 70568.9
11787 370 63713.5
11802 715 33012.6
11811 297 79535.4
11812 397 59506.3
11813 326 72472.4
11815 237 99704.6
11821 169 139893
11823 288 82104.2
11824 203 116493
11826 315 75085.7
11828 213 111061
11831 205 115424
11832 167 141701
11835 279 84838.7
11839 305 77632.8
11849 792 29921.7
11856 530 44739.6
11857 167 142000
11872 297 79946.1
11876 213 111512
11877 229 103729
11878 300 79186.7
11891 308 77214.3
11892 277 85862.8
11894 189 125862
11906 308 77311.7
11908 170 140094
11909 257 92677
11911 273 87260.1
11912 233 102249
11918 333 71579.6
11922 360 66233.3
11929 212 112538
11930 306 77973.9
11931 251 95067.7
11933 335 71241.8
11936 319 74833.9
11948 200 119480
11953 285 83880.7
11957 257 93050.6
11959 185 129286
11961 162 147667
11962 182 131451
11963 438 54625.6
11965 163 146810
11967 307 77960.9
11969 208 115087
11976 184 130174
11981 273 87772.9
11982 220 108927
11990 173 138613
11992 72 333111
11993 304 78901.3
11997 277 86620.9
12002 458 52410.5
12005 211 113791
12011 68 353265
12013 770 31202.6
12016 251 95745
12017 251 95753
12018 71 338535
12019 288 83465.3
12020 203 118424
12027 317 75880.1
12037 595 40460.5
12057 475 50766.3
12063 295 81783.1
12064 172 140279
12067 171 141135
12068 189 127704
12072 334 72287.4
12081 297 81353.5
12083 263 91885.9
12085 932 25933.5
12086 209 115656
12088 172 140558
12090 225 107467
12092 231 104693
12108 196 123551
12109 307 78886
12112 223 108628
12115 229 105808
12128 297 81670
12145 197 123299
12154 158 153848
12156 287 84710.8
12164 199 122251
12167 196 124153
12168 220 110618
12171 319 76307.2
12172 315 77282.5
12179 294 82850.3
12184 216 112815
12186 342 71263.2
12187 203 120069
12195 43 567209
12198 184 132587
12202 312 78217.9
12203 223 109444
12210 351 69572.6
12216 514 47533.1
12218 280 87271.4
12221 306 79875.8
12230 291 84055
12240 170 144000
12245 239 102469
12249 303 80851.5
12254 150 163387
12262 218 112495
12264 210 116800
12285 284 86514.1
12288 232 105931
12289 582 42230.2
12290 233 105494
12295 223 110269
12306 239 102979
12308 230 107026
12309 256 96164.1
12312 814 30250.6
12313 350 70360
12317 85 289812
12324 216 114111
12325 236 104449
12327 203 121448
12331 199 123930
12336 290 85075.9
12337 280 88121.4
12339 281 87822.1
12346 31 796516
12349 188 131372
12350 699 35336.2
12352 759 32548.1
12361 305 81055.7
12368 374 66139
12369 266 93000
12372 179 138235
12378 175 141463
12384 252 98285.7
12385 296 83682.4
12387 173 143202
12391 241 102830
12393 226 109673
12396 180 137733
12404 265 93615.1
12407 170 145965
12410 172 144302
12412 376 66021.3
12422 190 130758
12425 221 112443
12427 230 108061
12428 204 121843
12430 234 106239
12431 299 83150.5
12440 225 110578
12442 214 116280
12448 172 144744
12449 49 508122
12457 78 319410
12467 235 106102
12469 189 131947
12478 229 108978
12480 233 107124
12481 182 137154
12482 229 109013
12485 216 115602
12489 847 29490
12490 144 173472
12492 349 71587.4
12493 317 78820.2
12495 265 94301.9
12503 232 107784
12504 278 89956.8
12505 230 108739
12507 228 109711
12508 222 112685
12509 147 170190
12515 281 89074.7
12517 213 117531
12521 305 82104.9
12526 298 84067.1
12527 810 30930.9
12533 161 155689
12536 299 83852.8
12538 333 75303.3
12547 311 80688.1
12550 334 75149.7
12551 203 123655
12553 258 97310.1
12558 6 4186000
12559 246 102106
12563 377 66647.2
12564 239 105138
12565 224 112188
12566 223 112700
12568 306 82143.8
12571 227 110758
12573 236 106551
12575 275 91454.5
12576 134 187701
12586 293 85911.3
12592 150 167893
12600 231 109091
12602 240 105017
12603 231 109117
12604 225 112036
12605 105 240095
12609 232 108698
12612 336 75071.4
12613 341 73976.5
12614 241 104680
12622 200 126220
12624 371 68053.9
12625 252 100198
12629 128 197328
12631 182 138802
12634 224 112804
12636 218 115927
12638 310 81535.5
12643 323 78284.8
12654 294 86081.6
12656 283 89441.7
12658 180 140644
12661 310 81683.9
12663 219 115644
12665 178 142303
12672 319 79448.3
12675 249 101807
12676 369 68704.6
12679 214 118495
12681 825 30741.8
12683 298 85120.8
12687 91 278835
12692 179 141810
12693 296 85763.5
12696 240 105800
12697 184 138011
12699 229 110908
12702 320 79387.5
12703 299 84969.9
12705 225 112933
12707 217 117115
12708 280 90771.4
12710 259 98146.7
12711 160 158888
12717 938 27115.1
12719 816 31174
12723 8 3180750
12728 195 130544
12729 226 112646
12731 358 71122.9
12733 363 70154.3
12734 315 80850.8
12735 367 69400.5
12737 315 80869.8
12742 215 118530
12744 232 109862
12746 294 86707.5
12749 343 74338.2
12757 189 134995
12760 739 34533.2
12761 334 76413.2
12766 303 84264
12771 249 102578
12779 224 114098
12785 355 72028.2
12788 221 115729
12791 179 142916
12793 299 85571.9
12794 322 79465.8
12797 14 1.82814e+06
12801 141 181574
12804 306 83686.3
12807 252 101643
12809 206 124359
12812 239 107213
12814 215 119200
12818 92 278652
12819 240 106825
12820 232 110517
12825 320 80156.2
12828 178 144135
12833 349 73541.5
12834 261 98344.8
12838 319 80489
12839 211 121697
12841 264 97280.3
12842 416 61740.4
12845 231 111212
12847 106 242396
12850 303 84818.5
12867 310 83012.9
12871 316 81462
12872 220 117018
12875 280 91964.3
12896 324 79604.9
12899 720 35830.6
12905 291 88694.2
12913 318 81213.8
12914 318 81220.1
12915 261 98965.5
12919 273 94644.7
12924 302 85589.4
12926 354 73028.2
12931 129 200481
12946 224 115589
12947 326 79429.4
12948 227 114079
12949 202 128208
12951 215 120474
12952 263 98494.3
12957 201 128925
12959 165 157079
12960 315 82285.7
12962 106 244566
12964 287 90341.5
12967 118 219780
12969 240 108075
12972 310 83690.3
12973 297 87360.3
12975 133 195113
12980 230 112870
12981 303 85683.2
12983 258 100643
12984 119 218218
12987 101 257168
12989 175 148446
12990 301 86312.3
12992 115 225948
12996 273 95208.8
13000 275 94545.5
13008 309 84194.2
13011 307 84762.2
13016 230 113183
13017 121 215157
13018 334 77952.1
13020 187 139251
13026 107 243477
13031 251 103833
13032 282 92425.5
13033 177 147266
13036 279 93448
13041 230 113400
13043 328 79530.5
13045 117 222991
13047 318 82056.6
13048 125 208768
13050 121 215702
13056 268 97432.8
13057 110 237400
13062 255 102447
13063 107 244168
13072 307 85159.6
13074 201 130090
13077 337 77608.3
13085 263 99505.7
13086 364 71901.1
13089 113 231664
13091 306 85562.1
13092 307 85289.9
13094 136 192559
13098 150 174640
13103 281 93259.8
13106 273 96014.7
13108 353 74266.3
13111 875 29968
13121 826 31770
13131 218 120468
13132 195 134687
13133 268 98007.5
13137 295 89064.4
13138 328 80109.8
13141 611 43014.7
13145 348 75546
13151 191 137707
13157 545 48282.6
13158 265 99305.7
13161 142 185366
13168 321 82043.6
13169 147 179170
13170 115 229043
13171 312 84429.5
13173 181 145558
13190 896 29442
13195 162 162901
13201 313 84351.4
13203 407 64879.6
13204 298 88617.4
13205 192 137552
13206 204 129471
13208 113 233770
13211 303 87201.3
13214 221 119584
13217 211 125280
13220 245 107918
13236 136 194647
13247 133 199203
13251 165 160618
13256 323 82080.5
13258 329 80595.7
13261 203 130650
13262 290 91462.1
13264 369 71891.6
13272 274 96875.9
13276 284 93493
13285 97 273918
13289 138 192594
13290 200 132900
13292 195 136328
13302 284 93676.1
13304 214 124336
13316 132 201758
13318 117 227658
13319 357 74616.2
13321 98 271857
13328 63 423111
13334 328 81304.9
13346 191 139749
13355 264 101174
13371 342 78193
13373 217 123253
13379 271 98738
13384 327 81859.3
13385 351 76267.8
13387 211 126891
13394 191 140251
13400 214 125234
13403 267 100397
13412 189 141926
13423 186 144333
13430 198 135657
13433 351 76541.3
13434 352 76329.5
13436 202 133030
13442 191 140754
13445 201 133781
13448 198 135838
13453 302 89092.7
13456 199 135236
13479 307 87811.1
13482 294 91714.3
13488 305 88445.9
13491 270 99933.3
13492 268 100687
13497 197 137025
13500 135 200000
13517 176 153602
13519 207 130618
13520 284 95211.3
13527 434 62336.4
13533 206 131388
13544 128 211625
13549 276 98181.2
13559 323 83956.7
13563 330 82200
13566 112 242250
13568 421 64456.1
13570 426 63708.9
13576 241 112664
13585 305 89082
13593 202 134584
13597 342 79514.6
13600 248 109677
13602 207 131420
13603 424 64165.1
13605 207 131449
13612 292 93232.9
13614 197 138213
13619 280 97278.6
13623 235 115940
13624 237 114970
13626 205 132937
13628 152 179316
13636 198 137737
13639 241 113187
13642 135 202104
13646 302 90370.9
13650 121 225620
13653 457 59750.5
13657 363 75245.2
13659 240 113825
13660 212 128868
13685 200 136850
13690 612 44738.6
13697 255 107427
13706 230 119183
13713 168 163250
13716 138 198783
13717 215 127600
13718 239 114795
13723 110 249509
13726 107 256561
13728 323 85003.1
13729 350 78451.4
13730 205 133951
13731 338 81248.5
13736 203 135330
13737 219 125452
13739 721 38111
13741 374 73481.3
13743 208 132144
13757 122 225525
13762 149 184725
13770 202 136337
13772 207 133063
13785 328 84054.9
13787 208 132567
13794 381 72409.4
13806 190 145326
13808 336 82190.5
13822 261 105916
13826 201 137572
13828 217 127447
13831 199 139005
13852 208 133192
13858 207 133894
13859 216 128324
13863 227 122141
13867 421 65876.5
13868 426 65108
13869 312 88903.8
13873 352 78823.9
13876 176 157682
13880 219 126758
13890 292 95137
13891 187 148567
13894 129 215411
13896 197 141076
13903 212 131160
13906 293 94921.5
13918 421 66118.8
13920 220 126545
13929 283 98438.2
13930 294 94761.9
13931 283 98452.3
13943 227 122846
13946 150 185947
13947 208 134106
13948 222 125658
13949 268 104097
13952 173 161295
13959 208 134221
13966 238 117361
13970 217 128756
13974 148 188838
13976 128 218375
13979 129 216729
13980 126 221905
13995 298 93926.2
13996 216 129593
13999 213 131446
14001 219 127863
14006 206 135981
14007 232 120750
14009 203 138020
14038 251 111857
14042 213 131850
14079 298 94489.9
14086 159 177182
14089 228 123588
14095 223 126413
14097 296 95250
14103 299 94334.4
14111 289 97654
14117 420 67223.8
14118 249 113398
14124 203 139153
14126 261 108245
14128 264 107030
14132 325 86966.2
14144 239 118360
14146 229 123546
14149 285 99291.2
14152 206 137398
14154 219 129260
14157 238 118966
14165 273 103773
14166 291 97360.8
14168 215 131795
14169 272 104184
14174 131 216397
14185 326 87024.5
14190 181 156796
14192 262 108336
14197 148 191851
14203 210 135267
14209 290 97993.1
14225 253 112451
14236 325 87606.2
14245 227 125507
14250 220 129545
14260 237 120338
14266 346 82462.4
14275 248 115121
14286 203 140749
14287 138 207058
14298 196 145898
14299 153 186915
14302 116 246586
14307 219 130658
14308 221 129484
14314 260 110108
14317 300 95446.7
14320 214 133832
14321 316 90639.2
14332 235 121974
14339 385 74488.3
14343 728 39403.8
14344 910 31525.3
14363 232 123819
14366 141 203773
14373 184 156228
14382 132 217909
14383 230 125070
14384 220 130764
14386 167 172287
14396 354 81333.3
14400 301 95681.1
14408 213 135286
14412 212 135962
14418 183 157574
14421 227 127057
14424 219 131726
14426 274 105299
14427 373 77356.6
14431 169 170781
14432 184 156870
14435 223 129462
14438 425 67943.5
14441 413 69932.2
14442 348 83000
14453 278 103978
14457 215 134484
14462 218 132679
14465 440 65750
14475 276 104891
14480 300 96533.3
14487 371 78097
14488 396 73171.7
14496 271 106982
14506 246 117935
14514 352 82465.9
14518 353 82255
14523 495 58678.8
14531 292 99527.4
14541 335 86811.9
14544 351 82871.8
14547 219 132849
14551 223 130502
14554 251 115968
14562 220 132382
14564 220 132400
14574 218 133706
14576 224 130143
14583 340 85782.4
14586 342 85298.2
14595 316 92373.4
14597 241 121137
14607 233 125382
14608 229 127581
14609 223 131022
14630 217 134839
14634 218 134257
14646 247 118591
14650 261 112261
14652 220 133200
14721 511 57616.4
14740 223 132197
14768 170 173741
14776 196 150776
14786 225 131431
14796 224 132107
14800 170 174118
14804 169 175195
14807 197 150325
14818 186 159333
14822 242 122496
14832 233 127313
14836 227 130714
14842 136 218265
14853 239 124293
14869 197 150954
14871 136 218691
14875 225 132222
14877 136 218779
14879 226 131673
14881 173 172035
14884 296 100568
14888 223 133525
14892 192 155125
14893 191 155948
14894 194 153546
14904 229 130166
14907 230 129626
14910 206 144757
14916 235 126945
14918 149 200242
14923 227 131480
14924 224 133250
14926 227 131507
14936 223 133955
14960 428 69906.5
14963 218 137275
14969 238 125790
14972 220 136109
15004 230 130470
15006 159 188755
15012 220 136473
15026 244 123164
15033 233 129039
15042 217 138636
15048 162 185778
15055 216 139398
15056 300 100373
15064 359 83922
15072 221 136398
15086 239 126243
15087 257 117409
15091 229 131799
15112 248 121871
15114 352 85875
15117 288 104979
15118 234 129214
15121 743 40702.6
15136 264 114667
15138 274 110496
15139 534 56700.4
15140 247 122591
15143 297 101973
15159 259 117058
15163 351 86398.9
15170 229 132489
15205 253 120198
15219 226 134681
15220 228 133509
15221 222 137126
15232 272 112000
15233 238 128008
15236 277 110007
15242 337 90457
15248 253 120538
15258 269 113442
15260 232 131552
15267 504 60583.3
15268 302 101113
15274 253 120743
15282 170 179788
15284 302 101219
15288 671 45567.8
15289 368 83092.4
15291 496 61657.3
15306 241 127021
15310 144 212639
15311 386 79331.6
15321 306 100137
15328 228 134456
15343 319 96194.4
15349 279 110029
15350 195 157436
15353 356 86252.8
15362 249 123390
15373 256 120102
15375 255 120588
15381 192 160219
15382 207 148618
15383 334 92113.8
15386 245 125600
15388 297 103623
15390 266 115714
15394 311 98996.8
15402 259 118934
15406 220 140055
15421 189 163185
15428 276 111797
15432 296 104270
15436 461 66967.5
15439 354 87226
15446 279 110724
15455 499 61943.9
15467 211 146607
15469 573 53993
15471 403 76779.2
15479 489 63308.8
15480 294 105306
15485 209 148182
15492 211 146844
15493 402 77079.6
15495 371 83531
15498 212 146208
15500 285 108772
15506 246 126065
15514 245 126645
15534 334 93018
15543 270 115133
15567 256 121617
15572 205 151922
15580 207 150531
15583 226 137903
15586 188 165809
15587 973 32039.1
15592 276 112986
15593 288 108285
15594 278 112187
15596 430 72539.5
15603 235 132791
15613 333 93771.8
15614 667 46818.6
15615 333 93783.8
15616 308 101403
15617 307 101739
15621 294 106265
15625 297 105219
15632 256 122125
15644 966 32389.2
15645 327 95688.1
15646 365 85731.5
15650 237 132068
15652 326 96024.5
15669 361 86808.9
15680 294 106667
15703 281 111765
15708 178 176494
15711 213 147521
15715 279 112652
15721 255 123302
15723 211 149033
15729 216 145639
15735 252 124881
15739 211 149185
15751 312 100968
15773 211 149507
15774 164 192366
15794 150 210587
15814 228 138719
15834 405 78192.6
15839 211 150133
15841 248 127750
15848 247 128324
15855 252 125833
15876 246 129073
15886 242 131289
15894 229 138812
15900 373 85254.7
15904 230 138296
15906 270 117822
15910 166 191687
15912 470 67710.6
15918 372 85580.6
15920 289 110173
15926 630 50558.7
15942 333 95747.7
15950 323 98761.6
15952 231 138113
15962 305 104669
15969 221 144516
15972 223 143247
15993 375 85296
15994 257 124467
15999 247 129547
16009 250 128072
16019 242 132388
16031 246 130333
16051 373 86064.3
16075 303 106106
16077 297 108263
16083 199 161638
16084 705 45628.4
16085 196 164133
16093 396 81277.8
16103 219 147059
16104 437 73702.5
16106 310 103910
16121 286 112734
16122 313 103016
16123 162 199049
16124 170 189694
16132 404 79861.4
16141 406 79512.3
16142 318 101522
16143 405 79718.5
16168 311 103974
16170 478 67656.9
16173 315 102686
16179 180 179767
16186 303 106838
16195 314 103153
16213 277 117061
16214 213 152244
16217 448 72397.3
16223 457 70997.8
16226 161 201565
16230 216 150278
16237 338 96076.9
16238 214 151757
16243 825 39377
16245 498 65241
16252 403 80655.1
16254 199 163357
16255 213 152629
16256 234 138940
16260 956 34016.7
16266 241 134988
16269 183 177803
16273 278 117072
16287 537 60659.2
16299 256 127336
16300 481 67775.5
16321 228 143167
16326 746 43769.4
16332 508 64299.2
16333 178 183517
16335 537 60838
16345 165 198121
16357 385 84971.4
16359 351 93213.7
16364 506 64679.8
16365 182 179835
16378 317 103331
16381 321 102062
16382 334 98095.8
16385 287 114181
16398 298 110054
16416 299 109806
16432 397 82780.9
16436 261 125946
16452 292 112685
16481 187 176267
16493 432 76356.5
16497 244 135221
16500 214 154206
16512 324 101926
16517 329 100407
16520 262 126107
16537 203 162926
16539 303 109168
16559 515 64306.8
16571 240 138092
16578 285 116337
16586 297 111690
16587 316 104981
16593 319 104031
16597 365 90942.5
16601 364 91214.3
16606 337 98551.9
16622 368 90337
16626 367 90604.9
16629 364 91368.1
16634 376 88478.7
16635 318 104623
16637 299 111284
16642 236 141034
16652 177 188158
16653 370 90016.2
16654 287 116056
16658 330 100958
16665 249 133855
16677 316 105551
16680 231 144416
16686 450 74160
16687 254 131394
16689 231 144494
16690 232 143879
16693 207 161285
16694 257 129914
16696 296 112811
16729 182 183835
16735 230 145522
16744 170 196988
16745 170 197000
16746 172 194721
16752 215 155833
16753 300 111687
16768 725 46256.6
16779 181 185403
16782 791 42432.4
16788 438 76657.5
16793 266 126263
16801 235 142987
16819 229 146891
16844 232 145207
16859 316 106703
16862 255 132251
16870 207 162995
16883 355 95115.5
16907 238 142076
16911 228 148342
16922 300 112813
16925 521 64971.2
16927 609 55589.5
16935 292 115993
16937 243 139399
16942 233 145425
16950 460 73695.7
16951 304 111520
16952 332 102120
16956 366 92655.7
16976 211 160910
17017 261 130398
17033 461 73895.9
17034 296 115095
17039 443 76925.5
17049 196 173969
17051 475 71793.7
17058 224 152304
17061 244 139844
17064 233 146472
17083 296 115426
17105 450 76022.2
17109 208 164510
17125 215 159302
17128 185 185168
17135 211 162417
17141 248 138234
17158 236 145407
17162 224 153232
17174 349 98418.3
17180 347 99020.2
17185 326 105429
17195 435 79057.5
17196 443 77634.3
17208 231 148987
17232 370 93145.9
17236 304 113395
17253 187 184524
17259 236 146263
17281 397 87057.9
17283 199 173698
17286 353 97937.7
17298 208 166327
17302 430 80474.4
17314 213 162573
17318 268 129239
17320 410 84487.8
17325 461 75162.7
17326 401 86414
17348 318 109107
17349 317 109457
17356 422 82255.9
17362 344 100942
17368 352 98681.8
17370 410 84731.7
17371 295 117769
17381 234 148556
17402 233 149373
17408 285 122161
17426 230 151530
17433 345 101061
17440 263 132624
17480 281 124413
17483 351 99618.2
17486 230 152052
17487 203 172286
17489 244 143352
17497 199 175849
17498 200 174980
17521 338 103675
17529 669 52403.6
17537 227 154511
17565 200 175650
17575 203 173153
17577 792 44386.4
17582 306 114915
17586 272 129309
17594 335 105039
17617 220 160155
17619 244 144418
17620 226 155929
17625 199 177136
17633 265 133079
17637 248 142234
17639 239 147607
17643 303 116455
17644 218 161872
17655 252 140119
17656 255 138478
17657 254 139031
17659 264 133780
17664 758 46606.9
17665 267 132322
17668 239 147849
17687 220 160791
17690 233 151845
17694 232 152534
17697 327 108239
17700 345 102609
17705 273 129707
17709 271 130694
17714 267 132689
17722 359 98729.8
17724 359 98740.9
17728 354 100158
17730 354 100169
17740 212 167358
17748 267 132944
17751 223 159202
17752 237 149806
17776 418 85052.6
17777 336 105815
17794 207 171923
17795 238 149538
17802 272 130897
17814 210 169657
17816 264 134970
17818 272 131015
17821 265 134498
17851 234 152573
17855 317 112650
17856 276 129391
17857 274 130343
17861 232 153974
17862 298 119879
17866 273 130886
17880 276 129565
17883 225 158960
17884 382 93633.5
17900 247 144939
17907 269 133138
17933 268 133828
17937 239 150100
18048 338 106793
18092 319 113429
18120 377 96127.3
18194 320 113712
18201 218 166982
18202 328 110988
18203 344 105831
18205 317 114858
18210 330 110364
18215 315 115651
18221 275 132516
18233 320 113956
18234 311 117260
18240 330 110545
18246 454 80378.9
18247 327 111602
18249 384 95046.9
18250 326 111963
18299 368 99451.1
18306 321 114056
18308 321 114069
18350 238 154202
18357 354 103712
18368 413 88949.2
18369 314 117000
18370 311 118135
18384 370 99373
18399 381 96582.7
18408 385 95626
18415 333 110601
18437 331 111402
18487 432 85588
18518 325 113957
18521 429 86345
18557 392 94678.6
18593 344 108099
18608 338 110107
18630 308 120974
18640 354 105311
18651 322 115845
18655 335 111373
18726 315 118895
18744 364 102989
18748 454 82590.3
18767 341 110070
18777 314 119599
18799 310 121284
18802 386 97419.7
18806 432 87064.8
18825 437 86155.6
18890 414 91256
18922 730 51841.1
18945 328 115518
18968 411 92301.7
18969 355 106868
18976 392 96816.3
19005 247 153887
19008 391 97227.6
19033 319 119329
19048 346 110104
19084 368 103717
19089 377 101268
19133 325 117742
19175 334 114820
19220 417 92182.3
19235 354 108672
19266 342 112667
19271 341 113026
19274 433 89025.4
19307 337 114582
19362 283 136834
19475 348 111925
19529 477 81882.6
19560 321 121869
19574 334 117210
19579 332 117946
19618 395 99331.6
19619 328 119628
19626 383 102486
19634 387 101468
19657 421 93382.4
